     Q**2          x         u           d           g          ub          db          sb          s          cb          c          bb          b
    50.000     0.010    0.574E+00    0.512E+00    0.632E+01    0.377E+00    0.397E+00    0.277E+00    0.277E+00    0.204E+00    0.204E+00    0.483E-01    0.483E-01
    50.000     0.020    0.569E+00    0.485E+00    0.457E+01    0.288E+00    0.309E+00    0.202E+00    0.202E+00    0.137E+00    0.137E+00    0.303E-01    0.303E-01
    50.000     0.030    0.580E+00    0.474E+00    0.358E+01    0.238E+00    0.259E+00    0.160E+00    0.160E+00    0.101E+00    0.101E+00    0.213E-01    0.213E-01
    50.000     0.040    0.595E+00    0.469E+00    0.297E+01    0.206E+00    0.227E+00    0.134E+00    0.134E+00    0.790E-01    0.790E-01    0.164E-01    0.164E-01
    50.000     0.050    0.608E+00    0.462E+00    0.250E+01    0.179E+00    0.203E+00    0.114E+00    0.114E+00    0.629E-01    0.629E-01    0.129E-01    0.129E-01
    50.000     0.060    0.618E+00    0.455E+00    0.213E+01    0.158E+00    0.184E+00    0.991E-01    0.991E-01    0.512E-01    0.512E-01    0.104E-01    0.104E-01
    50.000     0.070    0.627E+00    0.447E+00    0.183E+01    0.139E+00    0.169E+00    0.869E-01    0.869E-01    0.422E-01    0.422E-01    0.846E-02    0.846E-02
    50.000     0.080    0.633E+00    0.438E+00    0.158E+01    0.123E+00    0.155E+00    0.767E-01    0.767E-01    0.351E-01    0.351E-01    0.698E-02    0.698E-02
    50.000     0.090    0.638E+00    0.428E+00    0.138E+01    0.109E+00    0.143E+00    0.681E-01    0.681E-01    0.295E-01    0.295E-01    0.584E-02    0.584E-02
    50.000     0.100    0.641E+00    0.419E+00    0.121E+01    0.972E-01    0.132E+00    0.608E-01    0.608E-01    0.249E-01    0.249E-01    0.492E-02    0.492E-02
    50.000     0.110    0.642E+00    0.408E+00    0.106E+01    0.869E-01    0.122E+00    0.544E-01    0.544E-01    0.212E-01    0.212E-01    0.417E-02    0.417E-02
    50.000     0.120    0.643E+00    0.398E+00    0.940E+00    0.780E-01    0.112E+00    0.489E-01    0.489E-01    0.182E-01    0.182E-01    0.357E-02    0.357E-02
    50.000     0.130    0.642E+00    0.387E+00    0.834E+00    0.702E-01    0.103E+00    0.440E-01    0.440E-01    0.157E-01    0.157E-01    0.307E-02    0.307E-02
    50.000     0.140    0.640E+00    0.376E+00    0.743E+00    0.635E-01    0.940E-01    0.397E-01    0.397E-01    0.136E-01    0.136E-01    0.265E-02    0.265E-02
    50.000     0.150    0.637E+00    0.365E+00    0.664E+00    0.576E-01    0.858E-01    0.358E-01    0.358E-01    0.119E-01    0.119E-01    0.230E-02    0.230E-02
    50.000     0.160    0.632E+00    0.354E+00    0.595E+00    0.525E-01    0.781E-01    0.323E-01    0.323E-01    0.104E-01    0.104E-01    0.201E-02    0.201E-02
    50.000     0.170    0.627E+00    0.343E+00    0.535E+00    0.479E-01    0.709E-01    0.292E-01    0.292E-01    0.910E-02    0.910E-02    0.176E-02    0.176E-02
    50.000     0.180    0.620E+00    0.332E+00    0.482E+00    0.438E-01    0.642E-01    0.264E-01    0.264E-01    0.801E-02    0.801E-02    0.154E-02    0.154E-02
    50.000     0.190    0.613E+00    0.322E+00    0.436E+00    0.400E-01    0.579E-01    0.238E-01    0.238E-01    0.708E-02    0.708E-02    0.136E-02    0.136E-02
    50.000     0.200    0.604E+00    0.311E+00    0.395E+00    0.367E-01    0.521E-01    0.215E-01    0.215E-01    0.627E-02    0.627E-02    0.120E-02    0.120E-02
    50.000     0.210    0.595E+00    0.300E+00    0.359E+00    0.336E-01    0.468E-01    0.194E-01    0.194E-01    0.556E-02    0.556E-02    0.106E-02    0.106E-02
    50.000     0.220    0.585E+00    0.290E+00    0.326E+00    0.308E-01    0.420E-01    0.175E-01    0.175E-01    0.494E-02    0.494E-02    0.934E-03    0.934E-03
    50.000     0.230    0.574E+00    0.279E+00    0.297E+00    0.282E-01    0.375E-01    0.158E-01    0.158E-01    0.440E-02    0.440E-02    0.827E-03    0.827E-03
    50.000     0.240    0.562E+00    0.269E+00    0.271E+00    0.258E-01    0.335E-01    0.142E-01    0.142E-01    0.391E-02    0.391E-02    0.733E-03    0.733E-03
    50.000     0.250    0.550E+00    0.258E+00    0.248E+00    0.235E-01    0.298E-01    0.128E-01    0.128E-01    0.349E-02    0.349E-02    0.651E-03    0.651E-03
    50.000     0.260    0.537E+00    0.248E+00    0.226E+00    0.214E-01    0.265E-01    0.115E-01    0.115E-01    0.311E-02    0.311E-02    0.577E-03    0.577E-03
    50.000     0.270    0.523E+00    0.238E+00    0.207E+00    0.195E-01    0.235E-01    0.103E-01    0.103E-01    0.277E-02    0.277E-02    0.512E-03    0.512E-03
    50.000     0.280    0.509E+00    0.227E+00    0.190E+00    0.177E-01    0.209E-01    0.919E-02    0.919E-02    0.247E-02    0.247E-02    0.454E-03    0.454E-03
    50.000     0.290    0.495E+00    0.217E+00    0.174E+00    0.160E-01    0.185E-01    0.822E-02    0.822E-02    0.220E-02    0.220E-02    0.403E-03    0.403E-03
    50.000     0.300    0.481E+00    0.207E+00    0.159E+00    0.144E-01    0.163E-01    0.733E-02    0.733E-02    0.196E-02    0.196E-02    0.357E-03    0.357E-03
    50.000     0.310    0.466E+00    0.197E+00    0.145E+00    0.130E-01    0.144E-01    0.653E-02    0.653E-02    0.174E-02    0.174E-02    0.316E-03    0.316E-03
    50.000     0.320    0.451E+00    0.188E+00    0.133E+00    0.116E-01    0.127E-01    0.580E-02    0.580E-02    0.155E-02    0.155E-02    0.280E-03    0.280E-03
    50.000     0.330    0.436E+00    0.178E+00    0.122E+00    0.104E-01    0.112E-01    0.515E-02    0.515E-02    0.137E-02    0.137E-02    0.247E-03    0.247E-03
    50.000     0.340    0.420E+00    0.169E+00    0.111E+00    0.927E-02    0.988E-02    0.456E-02    0.456E-02    0.122E-02    0.122E-02    0.218E-03    0.218E-03
    50.000     0.350    0.405E+00    0.159E+00    0.102E+00    0.823E-02    0.868E-02    0.403E-02    0.403E-02    0.108E-02    0.108E-02    0.193E-03    0.193E-03
    50.000     0.360    0.390E+00    0.150E+00    0.928E-01    0.729E-02    0.761E-02    0.355E-02    0.355E-02    0.951E-03    0.951E-03    0.170E-03    0.170E-03
    50.000     0.370    0.375E+00    0.141E+00    0.846E-01    0.644E-02    0.667E-02    0.312E-02    0.312E-02    0.838E-03    0.838E-03    0.149E-03    0.149E-03
    50.000     0.380    0.360E+00    0.133E+00    0.770E-01    0.567E-02    0.583E-02    0.274E-02    0.274E-02    0.736E-03    0.736E-03    0.131E-03    0.131E-03
    50.000     0.390    0.345E+00    0.124E+00    0.700E-01    0.498E-02    0.509E-02    0.240E-02    0.240E-02    0.646E-03    0.646E-03    0.114E-03    0.114E-03
    50.000     0.400    0.330E+00    0.116E+00    0.636E-01    0.435E-02    0.443E-02    0.210E-02    0.210E-02    0.565E-03    0.565E-03    0.100E-03    0.100E-03
    50.000     0.410    0.315E+00    0.108E+00    0.576E-01    0.380E-02    0.385E-02    0.183E-02    0.183E-02    0.493E-03    0.493E-03    0.872E-04    0.872E-04
    50.000     0.420    0.301E+00    0.101E+00    0.522E-01    0.330E-02    0.334E-02    0.159E-02    0.159E-02    0.429E-03    0.429E-03    0.758E-04    0.758E-04
    50.000     0.430    0.286E+00    0.937E-01    0.471E-01    0.286E-02    0.289E-02    0.137E-02    0.137E-02    0.373E-03    0.373E-03    0.658E-04    0.658E-04
    50.000     0.440    0.272E+00    0.867E-01    0.425E-01    0.247E-02    0.249E-02    0.119E-02    0.119E-02    0.322E-03    0.322E-03    0.570E-04    0.570E-04
    50.000     0.450    0.258E+00    0.801E-01    0.382E-01    0.213E-02    0.214E-02    0.102E-02    0.102E-02    0.278E-03    0.278E-03    0.492E-04    0.492E-04
    50.000     0.460    0.245E+00    0.738E-01    0.343E-01    0.183E-02    0.184E-02    0.877E-03    0.877E-03    0.239E-03    0.239E-03    0.424E-04    0.424E-04
    50.000     0.470    0.232E+00    0.678E-01    0.307E-01    0.157E-02    0.157E-02    0.750E-03    0.750E-03    0.205E-03    0.205E-03    0.364E-04    0.364E-04
    50.000     0.480    0.219E+00    0.621E-01    0.275E-01    0.134E-02    0.134E-02    0.640E-03    0.640E-03    0.175E-03    0.175E-03    0.312E-04    0.312E-04
    50.000     0.490    0.207E+00    0.568E-01    0.245E-01    0.114E-02    0.114E-02    0.543E-03    0.543E-03    0.148E-03    0.148E-03    0.266E-04    0.266E-04
    50.000     0.500    0.195E+00    0.518E-01    0.218E-01    0.962E-03    0.963E-03    0.460E-03    0.460E-03    0.126E-03    0.126E-03    0.226E-04    0.226E-04
    50.000     0.510    0.183E+00    0.470E-01    0.193E-01    0.811E-03    0.811E-03    0.388E-03    0.388E-03    0.106E-03    0.106E-03    0.192E-04    0.192E-04
    50.000     0.520    0.171E+00    0.426E-01    0.171E-01    0.682E-03    0.682E-03    0.326E-03    0.326E-03    0.889E-04    0.889E-04    0.162E-04    0.162E-04
    50.000     0.530    0.160E+00    0.385E-01    0.151E-01    0.570E-03    0.570E-03    0.273E-03    0.273E-03    0.742E-04    0.742E-04    0.136E-04    0.136E-04
    50.000     0.540    0.150E+00    0.347E-01    0.132E-01    0.475E-03    0.475E-03    0.227E-03    0.227E-03    0.617E-04    0.617E-04    0.114E-04    0.114E-04
    50.000     0.550    0.140E+00    0.312E-01    0.116E-01    0.394E-03    0.394E-03    0.188E-03    0.188E-03    0.510E-04    0.510E-04    0.955E-05    0.955E-05
    50.000     0.560    0.130E+00    0.280E-01    0.101E-01    0.326E-03    0.326E-03    0.155E-03    0.155E-03    0.419E-04    0.419E-04    0.794E-05    0.794E-05
    50.000     0.570    0.121E+00    0.250E-01    0.883E-02    0.268E-03    0.268E-03    0.128E-03    0.128E-03    0.342E-04    0.342E-04    0.658E-05    0.658E-05
    50.000     0.580    0.112E+00    0.222E-01    0.766E-02    0.219E-03    0.219E-03    0.104E-03    0.104E-03    0.278E-04    0.278E-04    0.542E-05    0.542E-05
    50.000     0.590    0.103E+00    0.197E-01    0.662E-02    0.178E-03    0.178E-03    0.847E-04    0.847E-04    0.224E-04    0.224E-04    0.445E-05    0.445E-05
    50.000     0.600    0.949E-01    0.175E-01    0.570E-02    0.144E-03    0.144E-03    0.684E-04    0.684E-04    0.180E-04    0.180E-04    0.363E-05    0.363E-05
    50.000     0.610    0.872E-01    0.154E-01    0.489E-02    0.116E-03    0.116E-03    0.549E-04    0.549E-04    0.143E-04    0.143E-04    0.295E-05    0.295E-05
    50.000     0.620    0.799E-01    0.135E-01    0.418E-02    0.925E-04    0.925E-04    0.438E-04    0.438E-04    0.113E-04    0.113E-04    0.238E-05    0.238E-05
    50.000     0.630    0.729E-01    0.119E-01    0.356E-02    0.736E-04    0.736E-04    0.347E-04    0.347E-04    0.882E-05    0.882E-05    0.192E-05    0.192E-05
    50.000     0.640    0.664E-01    0.104E-01    0.301E-02    0.580E-04    0.580E-04    0.273E-04    0.273E-04    0.683E-05    0.683E-05    0.153E-05    0.153E-05
    50.000     0.650    0.603E-01    0.902E-02    0.254E-02    0.454E-04    0.454E-04    0.213E-04    0.213E-04    0.524E-05    0.524E-05    0.121E-05    0.121E-05
    50.000     0.660    0.545E-01    0.782E-02    0.213E-02    0.353E-04    0.353E-04    0.165E-04    0.165E-04    0.397E-05    0.397E-05    0.956E-06    0.956E-06
    50.000     0.670    0.491E-01    0.676E-02    0.178E-02    0.272E-04    0.272E-04    0.127E-04    0.127E-04    0.297E-05    0.297E-05    0.749E-06    0.749E-06
    50.000     0.680    0.441E-01    0.582E-02    0.148E-02    0.208E-04    0.208E-04    0.964E-05    0.964E-05    0.219E-05    0.219E-05    0.581E-06    0.581E-06
    50.000     0.690    0.394E-01    0.499E-02    0.122E-02    0.157E-04    0.157E-04    0.725E-05    0.725E-05    0.159E-05    0.159E-05    0.448E-06    0.448E-06
    50.000     0.700    0.351E-01    0.427E-02    0.100E-02    0.118E-04    0.118E-04    0.541E-05    0.541E-05    0.114E-05    0.114E-05    0.342E-06    0.342E-06
    50.000     0.710    0.311E-01    0.363E-02    0.815E-03    0.874E-05    0.874E-05    0.397E-05    0.397E-05    0.790E-06    0.790E-06    0.258E-06    0.258E-06
    50.000     0.720    0.274E-01    0.308E-02    0.661E-03    0.642E-05    0.642E-05    0.289E-05    0.289E-05    0.539E-06    0.539E-06    0.194E-06    0.194E-06
    50.000     0.730    0.240E-01    0.260E-02    0.531E-03    0.463E-05    0.463E-05    0.206E-05    0.206E-05    0.352E-06    0.352E-06    0.143E-06    0.143E-06
    50.000     0.740    0.210E-01    0.219E-02    0.425E-03    0.331E-05    0.331E-05    0.146E-05    0.146E-05    0.222E-06    0.222E-06    0.105E-06    0.105E-06
    50.000     0.750    0.182E-01    0.183E-02    0.337E-03    0.232E-05    0.232E-05    0.101E-05    0.101E-05    0.131E-06    0.131E-06    0.759E-07    0.759E-07
    50.000     0.760    0.157E-01    0.153E-02    0.264E-03    0.161E-05    0.161E-05    0.684E-06    0.684E-06    0.700E-07    0.700E-07    0.540E-07    0.540E-07
    50.000     0.770    0.134E-01    0.127E-02    0.206E-03    0.109E-05    0.109E-05    0.456E-06    0.456E-06    0.323E-07    0.323E-07    0.380E-07    0.380E-07
    50.000     0.780    0.114E-01    0.104E-02    0.159E-03    0.723E-06    0.723E-06    0.294E-06    0.294E-06    0.998E-08    0.998E-08    0.261E-07    0.261E-07
    50.000     0.790    0.956E-02    0.856E-03    0.122E-03    0.475E-06    0.475E-06    0.187E-06    0.187E-06    0.464E-09    0.464E-09    0.177E-07    0.177E-07
    50.000     0.800    0.797E-02    0.697E-03    0.916E-04    0.297E-06    0.297E-06    0.111E-06    0.111E-06    0.000E+00    0.000E+00    0.116E-07    0.116E-07
    50.000     0.810    0.658E-02    0.563E-03    0.684E-04    0.184E-06    0.184E-06    0.649E-07    0.649E-07    0.000E+00    0.000E+00    0.747E-08    0.747E-08
    50.000     0.820    0.537E-02    0.452E-03    0.503E-04    0.108E-06    0.108E-06    0.348E-07    0.348E-07    0.000E+00    0.000E+00    0.462E-08    0.462E-08
    50.000     0.830    0.433E-02    0.359E-03    0.364E-04    0.609E-07    0.609E-07    0.170E-07    0.170E-07    0.000E+00    0.000E+00    0.274E-08    0.274E-08
    50.000     0.840    0.344E-02    0.282E-03    0.260E-04    0.331E-07    0.331E-07    0.726E-08    0.726E-08    0.000E+00    0.000E+00    0.156E-08    0.156E-08
    50.000     0.850    0.269E-02    0.219E-03    0.182E-04    0.157E-07    0.157E-07    0.169E-08    0.169E-08    0.000E+00    0.000E+00    0.794E-09    0.794E-09
    50.000     0.860    0.207E-02    0.167E-03    0.125E-04    0.753E-08    0.753E-08    0.000E+00    0.000E+00    0.000E+00    0.000E+00    0.387E-09    0.387E-09
    50.000     0.870    0.156E-02    0.126E-03    0.830E-05    0.224E-08    0.224E-08    0.000E+00    0.000E+00    0.000E+00    0.000E+00    0.130E-09    0.130E-09
    50.000     0.880    0.115E-02    0.925E-04    0.542E-05    0.437E-09    0.437E-09    0.000E+00    0.000E+00    0.000E+00    0.000E+00    0.263E-10    0.263E-10
    50.000     0.890    0.819E-03    0.663E-04    0.339E-05    0.000E+00    0.000E+00    0.000E+00    0.000E+00    0.000E+00    0.000E+00    0.000E+00    0.000E+00
    50.000     0.900    0.566E-03    0.461E-04    0.204E-05    0.000E+00    0.000E+00    0.000E+00    0.000E+00    0.000E+00    0.000E+00    0.000E+00    0.000E+00
    50.000     0.910    0.376E-03    0.309E-04    0.118E-05    0.000E+00    0.000E+00    0.000E+00    0.000E+00    0.000E+00    0.000E+00    0.000E+00    0.000E+00
    50.000     0.920    0.237E-03    0.197E-04    0.624E-06    0.000E+00    0.000E+00    0.000E+00    0.000E+00    0.000E+00    0.000E+00    0.000E+00    0.000E+00
    50.000     0.930    0.141E-03    0.119E-04    0.326E-06    0.000E+00    0.000E+00    0.000E+00    0.000E+00    0.000E+00    0.000E+00    0.322E-13    0.322E-13
    50.000     0.940    0.759E-04    0.651E-05    0.138E-06    0.000E+00    0.000E+00    0.000E+00    0.000E+00    0.000E+00    0.000E+00    0.560E-12    0.560E-12
    50.000     0.950    0.368E-04    0.321E-05    0.592E-07    0.000E+00    0.000E+00    0.000E+00    0.000E+00    0.000E+00    0.000E+00    0.103E-11    0.103E-11
    50.000     0.960    0.136E-04    0.122E-05    0.175E-07    0.000E+00    0.000E+00    0.000E+00    0.000E+00    0.000E+00    0.000E+00    0.863E-12    0.863E-12
    50.000     0.970    0.224E-05    0.212E-06    0.540E-09    0.000E+00    0.000E+00    0.000E+00    0.000E+00    0.000E+00    0.000E+00    0.338E-12    0.338E-12
    50.000     0.980    0.000E+00    0.000E+00    0.260E-08    0.000E+00    0.000E+00    0.000E+00    0.000E+00    0.000E+00    0.000E+00    0.000E+00    0.000E+00
    50.000     0.990    0.142E-06    0.000E+00    0.790E-08    0.000E+00    0.000E+00    0.000E+00    0.000E+00    0.000E+00    0.000E+00    0.000E+00    0.000E+00

