     Q**2          x         u           d           g          ub          db          sb          s          cb          c          bb          b
    50.000     0.010    0.575E+00    0.513E+00    0.631E+01    0.378E+00    0.398E+00    0.278E+00    0.278E+00    0.204E+00    0.204E+00    0.483E-01    0.483E-01
    50.000     0.020    0.570E+00    0.486E+00    0.457E+01    0.288E+00    0.309E+00    0.202E+00    0.202E+00    0.138E+00    0.138E+00    0.304E-01    0.304E-01
    50.000     0.030    0.581E+00    0.475E+00    0.359E+01    0.238E+00    0.258E+00    0.160E+00    0.160E+00    0.101E+00    0.101E+00    0.214E-01    0.214E-01
    50.000     0.040    0.597E+00    0.469E+00    0.298E+01    0.206E+00    0.226E+00    0.134E+00    0.134E+00    0.795E-01    0.795E-01    0.165E-01    0.165E-01
    50.000     0.050    0.609E+00    0.462E+00    0.251E+01    0.179E+00    0.202E+00    0.114E+00    0.114E+00    0.633E-01    0.633E-01    0.129E-01    0.129E-01
    50.000     0.060    0.620E+00    0.455E+00    0.214E+01    0.157E+00    0.183E+00    0.990E-01    0.990E-01    0.516E-01    0.516E-01    0.104E-01    0.104E-01
    50.000     0.070    0.628E+00    0.446E+00    0.184E+01    0.139E+00    0.167E+00    0.867E-01    0.867E-01    0.425E-01    0.425E-01    0.851E-02    0.851E-02
    50.000     0.080    0.634E+00    0.437E+00    0.159E+01    0.123E+00    0.153E+00    0.764E-01    0.764E-01    0.353E-01    0.353E-01    0.702E-02    0.702E-02
    50.000     0.090    0.638E+00    0.428E+00    0.139E+01    0.109E+00    0.142E+00    0.679E-01    0.679E-01    0.296E-01    0.296E-01    0.586E-02    0.586E-02
    50.000     0.100    0.641E+00    0.418E+00    0.122E+01    0.967E-01    0.131E+00    0.606E-01    0.606E-01    0.251E-01    0.251E-01    0.493E-02    0.493E-02
    50.000     0.110    0.643E+00    0.408E+00    0.107E+01    0.864E-01    0.121E+00    0.542E-01    0.542E-01    0.213E-01    0.213E-01    0.418E-02    0.418E-02
    50.000     0.120    0.643E+00    0.397E+00    0.946E+00    0.774E-01    0.111E+00    0.487E-01    0.487E-01    0.183E-01    0.183E-01    0.357E-02    0.357E-02
    50.000     0.130    0.642E+00    0.386E+00    0.839E+00    0.696E-01    0.102E+00    0.438E-01    0.438E-01    0.157E-01    0.157E-01    0.307E-02    0.307E-02
    50.000     0.140    0.640E+00    0.375E+00    0.747E+00    0.629E-01    0.939E-01    0.395E-01    0.395E-01    0.136E-01    0.136E-01    0.265E-02    0.265E-02
    50.000     0.150    0.637E+00    0.364E+00    0.667E+00    0.570E-01    0.859E-01    0.357E-01    0.357E-01    0.118E-01    0.118E-01    0.230E-02    0.230E-02
    50.000     0.160    0.632E+00    0.353E+00    0.597E+00    0.519E-01    0.784E-01    0.323E-01    0.323E-01    0.103E-01    0.103E-01    0.200E-02    0.200E-02
    50.000     0.170    0.627E+00    0.342E+00    0.537E+00    0.473E-01    0.714E-01    0.292E-01    0.292E-01    0.906E-02    0.906E-02    0.175E-02    0.175E-02
    50.000     0.180    0.620E+00    0.331E+00    0.483E+00    0.432E-01    0.648E-01    0.264E-01    0.264E-01    0.796E-02    0.796E-02    0.153E-02    0.153E-02
    50.000     0.190    0.612E+00    0.320E+00    0.436E+00    0.396E-01    0.586E-01    0.238E-01    0.238E-01    0.702E-02    0.702E-02    0.134E-02    0.134E-02
    50.000     0.200    0.604E+00    0.310E+00    0.395E+00    0.363E-01    0.529E-01    0.216E-01    0.216E-01    0.620E-02    0.620E-02    0.118E-02    0.118E-02
    50.000     0.210    0.594E+00    0.299E+00    0.358E+00    0.333E-01    0.476E-01    0.195E-01    0.195E-01    0.549E-02    0.549E-02    0.104E-02    0.104E-02
    50.000     0.220    0.584E+00    0.288E+00    0.325E+00    0.305E-01    0.428E-01    0.176E-01    0.176E-01    0.487E-02    0.487E-02    0.921E-03    0.921E-03
    50.000     0.230    0.573E+00    0.278E+00    0.296E+00    0.280E-01    0.384E-01    0.159E-01    0.159E-01    0.432E-02    0.432E-02    0.814E-03    0.814E-03
    50.000     0.240    0.561E+00    0.267E+00    0.269E+00    0.256E-01    0.343E-01    0.143E-01    0.143E-01    0.384E-02    0.384E-02    0.720E-03    0.720E-03
    50.000     0.250    0.549E+00    0.257E+00    0.246E+00    0.234E-01    0.306E-01    0.129E-01    0.129E-01    0.341E-02    0.341E-02    0.638E-03    0.638E-03
    50.000     0.260    0.536E+00    0.247E+00    0.224E+00    0.214E-01    0.273E-01    0.116E-01    0.116E-01    0.303E-02    0.303E-02    0.565E-03    0.565E-03
    50.000     0.270    0.522E+00    0.237E+00    0.205E+00    0.195E-01    0.243E-01    0.104E-01    0.104E-01    0.270E-02    0.270E-02    0.500E-03    0.500E-03
    50.000     0.280    0.509E+00    0.227E+00    0.187E+00    0.178E-01    0.216E-01    0.931E-02    0.931E-02    0.240E-02    0.240E-02    0.443E-03    0.443E-03
    50.000     0.290    0.494E+00    0.217E+00    0.171E+00    0.161E-01    0.191E-01    0.833E-02    0.833E-02    0.213E-02    0.213E-02    0.392E-03    0.392E-03
    50.000     0.300    0.480E+00    0.207E+00    0.156E+00    0.146E-01    0.170E-01    0.745E-02    0.745E-02    0.189E-02    0.189E-02    0.347E-03    0.347E-03
    50.000     0.310    0.465E+00    0.197E+00    0.143E+00    0.132E-01    0.150E-01    0.664E-02    0.664E-02    0.168E-02    0.168E-02    0.307E-03    0.307E-03
    50.000     0.320    0.450E+00    0.187E+00    0.131E+00    0.119E-01    0.133E-01    0.592E-02    0.592E-02    0.149E-02    0.149E-02    0.271E-03    0.271E-03
    50.000     0.330    0.435E+00    0.178E+00    0.119E+00    0.106E-01    0.117E-01    0.526E-02    0.526E-02    0.132E-02    0.132E-02    0.239E-03    0.239E-03
    50.000     0.340    0.420E+00    0.168E+00    0.109E+00    0.952E-02    0.103E-01    0.467E-02    0.467E-02    0.117E-02    0.117E-02    0.211E-03    0.211E-03
    50.000     0.350    0.405E+00    0.159E+00    0.992E-01    0.849E-02    0.908E-02    0.413E-02    0.413E-02    0.103E-02    0.103E-02    0.185E-03    0.185E-03
    50.000     0.360    0.389E+00    0.150E+00    0.903E-01    0.755E-02    0.798E-02    0.365E-02    0.365E-02    0.906E-03    0.906E-03    0.163E-03    0.163E-03
    50.000     0.370    0.374E+00    0.141E+00    0.822E-01    0.669E-02    0.700E-02    0.322E-02    0.322E-02    0.796E-03    0.796E-03    0.143E-03    0.143E-03
    50.000     0.380    0.359E+00    0.133E+00    0.747E-01    0.591E-02    0.614E-02    0.283E-02    0.283E-02    0.698E-03    0.698E-03    0.125E-03    0.125E-03
    50.000     0.390    0.344E+00    0.125E+00    0.678E-01    0.521E-02    0.537E-02    0.248E-02    0.248E-02    0.611E-03    0.611E-03    0.109E-03    0.109E-03
    50.000     0.400    0.329E+00    0.117E+00    0.615E-01    0.457E-02    0.469E-02    0.217E-02    0.217E-02    0.534E-03    0.534E-03    0.954E-04    0.954E-04
    50.000     0.410    0.314E+00    0.109E+00    0.556E-01    0.400E-02    0.408E-02    0.190E-02    0.190E-02    0.465E-03    0.465E-03    0.831E-04    0.831E-04
    50.000     0.420    0.300E+00    0.101E+00    0.503E-01    0.350E-02    0.355E-02    0.165E-02    0.165E-02    0.404E-03    0.404E-03    0.721E-04    0.721E-04
    50.000     0.430    0.286E+00    0.940E-01    0.453E-01    0.304E-02    0.308E-02    0.143E-02    0.143E-02    0.349E-03    0.349E-03    0.625E-04    0.625E-04
    50.000     0.440    0.272E+00    0.871E-01    0.408E-01    0.264E-02    0.266E-02    0.124E-02    0.124E-02    0.302E-03    0.302E-03    0.540E-04    0.540E-04
    50.000     0.450    0.258E+00    0.805E-01    0.366E-01    0.228E-02    0.230E-02    0.107E-02    0.107E-02    0.260E-03    0.260E-03    0.466E-04    0.466E-04
    50.000     0.460    0.245E+00    0.742E-01    0.328E-01    0.197E-02    0.198E-02    0.922E-03    0.922E-03    0.223E-03    0.223E-03    0.401E-04    0.401E-04
    50.000     0.470    0.231E+00    0.682E-01    0.294E-01    0.169E-02    0.170E-02    0.791E-03    0.791E-03    0.190E-03    0.190E-03    0.343E-04    0.343E-04
    50.000     0.480    0.219E+00    0.626E-01    0.262E-01    0.145E-02    0.145E-02    0.677E-03    0.677E-03    0.162E-03    0.162E-03    0.294E-04    0.294E-04
    50.000     0.490    0.206E+00    0.572E-01    0.233E-01    0.123E-02    0.124E-02    0.576E-03    0.576E-03    0.137E-03    0.137E-03    0.250E-04    0.250E-04
    50.000     0.500    0.194E+00    0.522E-01    0.207E-01    0.105E-02    0.105E-02    0.490E-03    0.490E-03    0.116E-03    0.116E-03    0.213E-04    0.213E-04
    50.000     0.510    0.182E+00    0.474E-01    0.183E-01    0.888E-03    0.889E-03    0.414E-03    0.414E-03    0.976E-04    0.976E-04    0.180E-04    0.180E-04
    50.000     0.520    0.171E+00    0.430E-01    0.162E-01    0.750E-03    0.750E-03    0.349E-03    0.349E-03    0.817E-04    0.817E-04    0.152E-04    0.152E-04
    50.000     0.530    0.160E+00    0.389E-01    0.143E-01    0.630E-03    0.630E-03    0.293E-03    0.293E-03    0.681E-04    0.681E-04    0.128E-04    0.128E-04
    50.000     0.540    0.150E+00    0.351E-01    0.125E-01    0.527E-03    0.528E-03    0.245E-03    0.245E-03    0.565E-04    0.565E-04    0.107E-04    0.107E-04
    50.000     0.550    0.139E+00    0.315E-01    0.110E-01    0.439E-03    0.440E-03    0.204E-03    0.204E-03    0.466E-04    0.466E-04    0.892E-05    0.892E-05
    50.000     0.560    0.130E+00    0.282E-01    0.956E-02    0.365E-03    0.365E-03    0.169E-03    0.169E-03    0.382E-04    0.382E-04    0.742E-05    0.742E-05
    50.000     0.570    0.120E+00    0.252E-01    0.831E-02    0.301E-03    0.301E-03    0.139E-03    0.139E-03    0.312E-04    0.312E-04    0.613E-05    0.613E-05
    50.000     0.580    0.111E+00    0.224E-01    0.720E-02    0.247E-03    0.247E-03    0.114E-03    0.114E-03    0.253E-04    0.253E-04    0.505E-05    0.505E-05
    50.000     0.590    0.103E+00    0.199E-01    0.622E-02    0.202E-03    0.202E-03    0.932E-04    0.932E-04    0.203E-04    0.203E-04    0.414E-05    0.414E-05
    50.000     0.600    0.948E-01    0.176E-01    0.535E-02    0.165E-03    0.165E-03    0.756E-04    0.756E-04    0.163E-04    0.163E-04    0.338E-05    0.338E-05
    50.000     0.610    0.871E-01    0.155E-01    0.459E-02    0.133E-03    0.133E-03    0.610E-04    0.610E-04    0.129E-04    0.129E-04    0.275E-05    0.275E-05
    50.000     0.620    0.798E-01    0.136E-01    0.391E-02    0.107E-03    0.107E-03    0.489E-04    0.489E-04    0.102E-04    0.102E-04    0.222E-05    0.222E-05
    50.000     0.630    0.728E-01    0.119E-01    0.333E-02    0.856E-04    0.856E-04    0.390E-04    0.390E-04    0.794E-05    0.794E-05    0.178E-05    0.178E-05
    50.000     0.640    0.663E-01    0.104E-01    0.281E-02    0.679E-04    0.679E-04    0.308E-04    0.308E-04    0.614E-05    0.614E-05    0.142E-05    0.142E-05
    50.000     0.650    0.602E-01    0.906E-02    0.237E-02    0.536E-04    0.536E-04    0.242E-04    0.242E-04    0.470E-05    0.470E-05    0.113E-05    0.113E-05
    50.000     0.660    0.544E-01    0.784E-02    0.199E-02    0.419E-04    0.419E-04    0.189E-04    0.189E-04    0.356E-05    0.356E-05    0.889E-06    0.889E-06
    50.000     0.670    0.491E-01    0.677E-02    0.166E-02    0.326E-04    0.326E-04    0.146E-04    0.146E-04    0.266E-05    0.266E-05    0.696E-06    0.696E-06
    50.000     0.680    0.441E-01    0.582E-02    0.138E-02    0.251E-04    0.251E-04    0.112E-04    0.112E-04    0.197E-05    0.197E-05    0.541E-06    0.541E-06
    50.000     0.690    0.394E-01    0.498E-02    0.114E-02    0.191E-04    0.191E-04    0.851E-05    0.851E-05    0.143E-05    0.143E-05    0.416E-06    0.416E-06
    50.000     0.700    0.351E-01    0.425E-02    0.932E-03    0.145E-04    0.145E-04    0.641E-05    0.641E-05    0.102E-05    0.102E-05    0.319E-06    0.319E-06
    50.000     0.710    0.311E-01    0.360E-02    0.760E-03    0.108E-04    0.108E-04    0.475E-05    0.475E-05    0.711E-06    0.711E-06    0.241E-06    0.241E-06
    50.000     0.720    0.274E-01    0.305E-02    0.617E-03    0.803E-05    0.803E-05    0.350E-05    0.350E-05    0.487E-06    0.487E-06    0.181E-06    0.181E-06
    50.000     0.730    0.240E-01    0.257E-02    0.496E-03    0.586E-05    0.586E-05    0.253E-05    0.253E-05    0.320E-06    0.320E-06    0.134E-06    0.134E-06
    50.000     0.740    0.210E-01    0.215E-02    0.397E-03    0.424E-05    0.424E-05    0.182E-05    0.182E-05    0.204E-06    0.204E-06    0.985E-07    0.985E-07
    50.000     0.750    0.182E-01    0.179E-02    0.315E-03    0.302E-05    0.302E-05    0.128E-05    0.128E-05    0.122E-06    0.122E-06    0.713E-07    0.713E-07
    50.000     0.760    0.157E-01    0.149E-02    0.248E-03    0.211E-05    0.211E-05    0.886E-06    0.886E-06    0.674E-07    0.674E-07    0.509E-07    0.509E-07
    50.000     0.770    0.134E-01    0.123E-02    0.193E-03    0.146E-05    0.146E-05    0.604E-06    0.604E-06    0.329E-07    0.329E-07    0.359E-07    0.359E-07
    50.000     0.780    0.114E-01    0.101E-02    0.149E-03    0.986E-06    0.986E-06    0.400E-06    0.400E-06    0.117E-07    0.117E-07    0.247E-07    0.247E-07
    50.000     0.790    0.957E-02    0.825E-03    0.114E-03    0.660E-06    0.660E-06    0.263E-06    0.263E-06    0.188E-08    0.188E-08    0.169E-07    0.169E-07
    50.000     0.800    0.799E-02    0.668E-03    0.864E-04    0.424E-06    0.424E-06    0.164E-06    0.164E-06    0.000E+00    0.000E+00    0.111E-07    0.111E-07
    50.000     0.810    0.659E-02    0.538E-03    0.647E-04    0.269E-06    0.269E-06    0.101E-06    0.101E-06    0.000E+00    0.000E+00    0.720E-08    0.720E-08
    50.000     0.820    0.538E-02    0.429E-03    0.477E-04    0.164E-06    0.164E-06    0.591E-07    0.591E-07    0.000E+00    0.000E+00    0.447E-08    0.447E-08
    50.000     0.830    0.434E-02    0.340E-03    0.347E-04    0.969E-07    0.969E-07    0.328E-07    0.328E-07    0.000E+00    0.000E+00    0.268E-08    0.268E-08
    50.000     0.840    0.345E-02    0.266E-03    0.248E-04    0.555E-07    0.555E-07    0.174E-07    0.174E-07    0.000E+00    0.000E+00    0.153E-08    0.153E-08
    50.000     0.850    0.270E-02    0.206E-03    0.174E-04    0.291E-07    0.291E-07    0.782E-08    0.782E-08    0.000E+00    0.000E+00    0.794E-09    0.794E-09
    50.000     0.860    0.208E-02    0.157E-03    0.120E-04    0.154E-07    0.154E-07    0.341E-08    0.341E-08    0.000E+00    0.000E+00    0.392E-09    0.392E-09
    50.000     0.870    0.157E-02    0.117E-03    0.803E-05    0.649E-08    0.649E-08    0.734E-09    0.734E-09    0.000E+00    0.000E+00    0.137E-09    0.137E-09
    50.000     0.880    0.115E-02    0.861E-04    0.527E-05    0.270E-08    0.270E-08    0.000E+00    0.000E+00    0.000E+00    0.000E+00    0.299E-10    0.299E-10
    50.000     0.890    0.824E-03    0.616E-04    0.331E-05    0.691E-09    0.691E-09    0.000E+00    0.000E+00    0.000E+00    0.000E+00    0.000E+00    0.000E+00
    50.000     0.900    0.570E-03    0.427E-04    0.200E-05    0.000E+00    0.000E+00    0.000E+00    0.000E+00    0.000E+00    0.000E+00    0.000E+00    0.000E+00
    50.000     0.910    0.379E-03    0.286E-04    0.116E-05    0.000E+00    0.000E+00    0.000E+00    0.000E+00    0.000E+00    0.000E+00    0.000E+00    0.000E+00
    50.000     0.920    0.239E-03    0.182E-04    0.620E-06    0.000E+00    0.000E+00    0.000E+00    0.000E+00    0.000E+00    0.000E+00    0.000E+00    0.000E+00
    50.000     0.930    0.142E-03    0.110E-04    0.324E-06    0.000E+00    0.000E+00    0.000E+00    0.000E+00    0.000E+00    0.000E+00    0.274E-13    0.274E-13
    50.000     0.940    0.767E-04    0.601E-05    0.139E-06    0.000E+00    0.000E+00    0.000E+00    0.000E+00    0.000E+00    0.000E+00    0.477E-12    0.477E-12
    50.000     0.950    0.372E-04    0.297E-05    0.593E-07    0.000E+00    0.000E+00    0.000E+00    0.000E+00    0.000E+00    0.000E+00    0.876E-12    0.876E-12
    50.000     0.960    0.138E-04    0.113E-05    0.174E-07    0.000E+00    0.000E+00    0.000E+00    0.000E+00    0.000E+00    0.000E+00    0.735E-12    0.735E-12
    50.000     0.970    0.228E-05    0.197E-06    0.544E-09    0.000E+00    0.000E+00    0.000E+00    0.000E+00    0.000E+00    0.000E+00    0.288E-12    0.288E-12
    50.000     0.980    0.000E+00    0.000E+00    0.256E-08    0.000E+00    0.000E+00    0.000E+00    0.000E+00    0.000E+00    0.000E+00    0.000E+00    0.000E+00
    50.000     0.990    0.111E-06    0.000E+00    0.783E-08    0.000E+00    0.000E+00    0.000E+00    0.000E+00    0.000E+00    0.000E+00    0.000E+00    0.000E+00

