     Q**2          x         u           d           g          ub          db          sb          s          cb          c          bb          b
    50.000     0.010    0.548E+00    0.506E+00    0.639E+01    0.362E+00    0.383E+00    0.245E+00    0.245E+00    0.160E+00    0.160E+00    0.434E-01    0.434E-01
    50.000     0.020    0.528E+00    0.470E+00    0.427E+01    0.278E+00    0.295E+00    0.182E+00    0.182E+00    0.112E+00    0.112E+00    0.276E-01    0.276E-01
    50.000     0.030    0.529E+00    0.453E+00    0.325E+01    0.231E+00    0.246E+00    0.147E+00    0.147E+00    0.864E-01    0.864E-01    0.200E-01    0.200E-01
    50.000     0.040    0.539E+00    0.442E+00    0.271E+01    0.201E+00    0.215E+00    0.126E+00    0.126E+00    0.720E-01    0.720E-01    0.161E-01    0.161E-01
    50.000     0.050    0.548E+00    0.432E+00    0.229E+01    0.176E+00    0.190E+00    0.110E+00    0.110E+00    0.607E-01    0.607E-01    0.131E-01    0.131E-01
    50.000     0.060    0.556E+00    0.424E+00    0.198E+01    0.155E+00    0.172E+00    0.966E-01    0.966E-01    0.521E-01    0.521E-01    0.109E-01    0.109E-01
    50.000     0.070    0.564E+00    0.415E+00    0.173E+01    0.138E+00    0.156E+00    0.859E-01    0.859E-01    0.451E-01    0.451E-01    0.925E-02    0.925E-02
    50.000     0.080    0.570E+00    0.407E+00    0.153E+01    0.123E+00    0.143E+00    0.767E-01    0.767E-01    0.393E-01    0.393E-01    0.788E-02    0.788E-02
    50.000     0.090    0.576E+00    0.398E+00    0.136E+01    0.110E+00    0.131E+00    0.689E-01    0.689E-01    0.345E-01    0.345E-01    0.677E-02    0.677E-02
    50.000     0.100    0.581E+00    0.389E+00    0.121E+01    0.983E-01    0.121E+00    0.621E-01    0.621E-01    0.303E-01    0.303E-01    0.585E-02    0.585E-02
    50.000     0.110    0.584E+00    0.380E+00    0.109E+01    0.884E-01    0.112E+00    0.561E-01    0.561E-01    0.268E-01    0.268E-01    0.508E-02    0.508E-02
    50.000     0.120    0.587E+00    0.371E+00    0.975E+00    0.798E-01    0.103E+00    0.508E-01    0.508E-01    0.237E-01    0.237E-01    0.443E-02    0.443E-02
    50.000     0.130    0.588E+00    0.362E+00    0.878E+00    0.723E-01    0.951E-01    0.461E-01    0.461E-01    0.210E-01    0.210E-01    0.387E-02    0.387E-02
    50.000     0.140    0.589E+00    0.353E+00    0.792E+00    0.658E-01    0.876E-01    0.419E-01    0.419E-01    0.187E-01    0.187E-01    0.339E-02    0.339E-02
    50.000     0.150    0.588E+00    0.343E+00    0.716E+00    0.600E-01    0.807E-01    0.381E-01    0.381E-01    0.166E-01    0.166E-01    0.298E-02    0.298E-02
    50.000     0.160    0.586E+00    0.333E+00    0.647E+00    0.549E-01    0.743E-01    0.347E-01    0.347E-01    0.147E-01    0.147E-01    0.262E-02    0.262E-02
    50.000     0.170    0.584E+00    0.324E+00    0.586E+00    0.504E-01    0.683E-01    0.316E-01    0.316E-01    0.131E-01    0.131E-01    0.230E-02    0.230E-02
    50.000     0.180    0.580E+00    0.314E+00    0.530E+00    0.464E-01    0.627E-01    0.288E-01    0.288E-01    0.117E-01    0.117E-01    0.203E-02    0.203E-02
    50.000     0.190    0.575E+00    0.304E+00    0.480E+00    0.428E-01    0.575E-01    0.263E-01    0.263E-01    0.104E-01    0.104E-01    0.179E-02    0.179E-02
    50.000     0.200    0.570E+00    0.294E+00    0.435E+00    0.396E-01    0.526E-01    0.240E-01    0.240E-01    0.924E-02    0.924E-02    0.158E-02    0.158E-02
    50.000     0.210    0.563E+00    0.285E+00    0.394E+00    0.366E-01    0.481E-01    0.219E-01    0.219E-01    0.822E-02    0.822E-02    0.139E-02    0.139E-02
    50.000     0.220    0.556E+00    0.275E+00    0.356E+00    0.339E-01    0.440E-01    0.200E-01    0.200E-01    0.731E-02    0.731E-02    0.123E-02    0.123E-02
    50.000     0.230    0.548E+00    0.265E+00    0.323E+00    0.314E-01    0.402E-01    0.182E-01    0.182E-01    0.650E-02    0.650E-02    0.108E-02    0.108E-02
    50.000     0.240    0.539E+00    0.256E+00    0.292E+00    0.292E-01    0.367E-01    0.166E-01    0.166E-01    0.577E-02    0.577E-02    0.954E-03    0.954E-03
    50.000     0.250    0.530E+00    0.246E+00    0.264E+00    0.271E-01    0.334E-01    0.152E-01    0.152E-01    0.512E-02    0.512E-02    0.841E-03    0.841E-03
    50.000     0.260    0.520E+00    0.237E+00    0.239E+00    0.251E-01    0.305E-01    0.138E-01    0.138E-01    0.454E-02    0.454E-02    0.742E-03    0.742E-03
    50.000     0.270    0.509E+00    0.228E+00    0.216E+00    0.233E-01    0.278E-01    0.126E-01    0.126E-01    0.403E-02    0.403E-02    0.653E-03    0.653E-03
    50.000     0.280    0.498E+00    0.218E+00    0.195E+00    0.216E-01    0.253E-01    0.115E-01    0.115E-01    0.357E-02    0.357E-02    0.575E-03    0.575E-03
    50.000     0.290    0.486E+00    0.209E+00    0.176E+00    0.200E-01    0.230E-01    0.105E-01    0.105E-01    0.315E-02    0.315E-02    0.506E-03    0.506E-03
    50.000     0.300    0.474E+00    0.200E+00    0.158E+00    0.185E-01    0.209E-01    0.955E-02    0.955E-02    0.279E-02    0.279E-02    0.445E-03    0.445E-03
    50.000     0.310    0.462E+00    0.191E+00    0.143E+00    0.170E-01    0.190E-01    0.869E-02    0.869E-02    0.246E-02    0.246E-02    0.391E-03    0.391E-03
    50.000     0.320    0.449E+00    0.182E+00    0.128E+00    0.157E-01    0.173E-01    0.790E-02    0.790E-02    0.217E-02    0.217E-02    0.343E-03    0.343E-03
    50.000     0.330    0.436E+00    0.174E+00    0.115E+00    0.145E-01    0.157E-01    0.719E-02    0.719E-02    0.191E-02    0.191E-02    0.301E-03    0.301E-03
    50.000     0.340    0.423E+00    0.165E+00    0.104E+00    0.133E-01    0.143E-01    0.653E-02    0.653E-02    0.168E-02    0.168E-02    0.264E-03    0.264E-03
    50.000     0.350    0.410E+00    0.157E+00    0.929E-01    0.122E-01    0.130E-01    0.592E-02    0.592E-02    0.147E-02    0.147E-02    0.231E-03    0.231E-03
    50.000     0.360    0.396E+00    0.149E+00    0.833E-01    0.112E-01    0.118E-01    0.537E-02    0.537E-02    0.129E-02    0.129E-02    0.202E-03    0.202E-03
    50.000     0.370    0.382E+00    0.141E+00    0.746E-01    0.103E-01    0.107E-01    0.487E-02    0.487E-02    0.113E-02    0.113E-02    0.177E-03    0.177E-03
    50.000     0.380    0.369E+00    0.133E+00    0.667E-01    0.937E-02    0.970E-02    0.441E-02    0.441E-02    0.989E-03    0.989E-03    0.154E-03    0.154E-03
    50.000     0.390    0.355E+00    0.126E+00    0.595E-01    0.854E-02    0.879E-02    0.398E-02    0.398E-02    0.863E-03    0.863E-03    0.134E-03    0.134E-03
    50.000     0.400    0.342E+00    0.118E+00    0.531E-01    0.778E-02    0.795E-02    0.360E-02    0.360E-02    0.751E-03    0.751E-03    0.117E-03    0.117E-03
    50.000     0.410    0.328E+00    0.111E+00    0.473E-01    0.706E-02    0.720E-02    0.324E-02    0.324E-02    0.653E-03    0.653E-03    0.102E-03    0.102E-03
    50.000     0.420    0.314E+00    0.104E+00    0.421E-01    0.641E-02    0.650E-02    0.292E-02    0.292E-02    0.567E-03    0.567E-03    0.881E-04    0.881E-04
    50.000     0.430    0.301E+00    0.977E-01    0.374E-01    0.580E-02    0.587E-02    0.263E-02    0.263E-02    0.491E-03    0.491E-03    0.763E-04    0.763E-04
    50.000     0.440    0.288E+00    0.912E-01    0.332E-01    0.524E-02    0.529E-02    0.236E-02    0.236E-02    0.425E-03    0.425E-03    0.660E-04    0.660E-04
    50.000     0.450    0.275E+00    0.851E-01    0.294E-01    0.472E-02    0.476E-02    0.212E-02    0.212E-02    0.367E-03    0.367E-03    0.570E-04    0.570E-04
    50.000     0.460    0.262E+00    0.791E-01    0.260E-01    0.425E-02    0.427E-02    0.189E-02    0.189E-02    0.316E-03    0.316E-03    0.492E-04    0.492E-04
    50.000     0.470    0.249E+00    0.734E-01    0.229E-01    0.382E-02    0.383E-02    0.169E-02    0.169E-02    0.271E-03    0.271E-03    0.423E-04    0.423E-04
    50.000     0.480    0.237E+00    0.680E-01    0.202E-01    0.342E-02    0.343E-02    0.151E-02    0.151E-02    0.232E-03    0.232E-03    0.364E-04    0.364E-04
    50.000     0.490    0.225E+00    0.628E-01    0.178E-01    0.305E-02    0.306E-02    0.134E-02    0.134E-02    0.199E-03    0.199E-03    0.312E-04    0.312E-04
    50.000     0.500    0.213E+00    0.579E-01    0.156E-01    0.272E-02    0.273E-02    0.119E-02    0.119E-02    0.169E-03    0.169E-03    0.267E-04    0.267E-04
    50.000     0.510    0.201E+00    0.532E-01    0.137E-01    0.242E-02    0.242E-02    0.105E-02    0.105E-02    0.144E-03    0.144E-03    0.228E-04    0.228E-04
    50.000     0.520    0.190E+00    0.488E-01    0.120E-01    0.214E-02    0.215E-02    0.931E-03    0.931E-03    0.122E-03    0.122E-03    0.194E-04    0.194E-04
    50.000     0.530    0.179E+00    0.446E-01    0.105E-01    0.189E-02    0.190E-02    0.820E-03    0.820E-03    0.103E-03    0.103E-03    0.165E-04    0.165E-04
    50.000     0.540    0.168E+00    0.406E-01    0.912E-02    0.167E-02    0.167E-02    0.720E-03    0.720E-03    0.873E-04    0.873E-04    0.140E-04    0.140E-04
    50.000     0.550    0.158E+00    0.369E-01    0.793E-02    0.146E-02    0.146E-02    0.629E-03    0.629E-03    0.734E-04    0.734E-04    0.119E-04    0.119E-04
    50.000     0.560    0.148E+00    0.335E-01    0.688E-02    0.128E-02    0.128E-02    0.548E-03    0.548E-03    0.616E-04    0.616E-04    0.100E-04    0.100E-04
    50.000     0.570    0.138E+00    0.302E-01    0.596E-02    0.111E-02    0.111E-02    0.476E-03    0.476E-03    0.515E-04    0.515E-04    0.844E-05    0.844E-05
    50.000     0.580    0.129E+00    0.272E-01    0.514E-02    0.964E-03    0.964E-03    0.411E-03    0.411E-03    0.429E-04    0.429E-04    0.709E-05    0.709E-05
    50.000     0.590    0.120E+00    0.244E-01    0.443E-02    0.831E-03    0.831E-03    0.354E-03    0.354E-03    0.356E-04    0.356E-04    0.594E-05    0.594E-05
    50.000     0.600    0.111E+00    0.219E-01    0.381E-02    0.712E-03    0.712E-03    0.302E-03    0.302E-03    0.294E-04    0.294E-04    0.496E-05    0.496E-05
    50.000     0.610    0.103E+00    0.195E-01    0.327E-02    0.607E-03    0.607E-03    0.257E-03    0.257E-03    0.243E-04    0.243E-04    0.413E-05    0.413E-05
    50.000     0.620    0.951E-01    0.173E-01    0.279E-02    0.513E-03    0.513E-03    0.217E-03    0.217E-03    0.199E-04    0.199E-04    0.342E-05    0.342E-05
    50.000     0.630    0.876E-01    0.153E-01    0.238E-02    0.431E-03    0.431E-03    0.182E-03    0.182E-03    0.163E-04    0.163E-04    0.283E-05    0.283E-05
    50.000     0.640    0.805E-01    0.134E-01    0.202E-02    0.358E-03    0.358E-03    0.151E-03    0.151E-03    0.132E-04    0.132E-04    0.233E-05    0.233E-05
    50.000     0.650    0.737E-01    0.118E-01    0.171E-02    0.295E-03    0.295E-03    0.124E-03    0.124E-03    0.107E-04    0.107E-04    0.191E-05    0.191E-05
    50.000     0.660    0.673E-01    0.103E-01    0.144E-02    0.240E-03    0.240E-03    0.101E-03    0.101E-03    0.866E-05    0.866E-05    0.156E-05    0.156E-05
    50.000     0.670    0.612E-01    0.892E-02    0.121E-02    0.192E-03    0.192E-03    0.809E-04    0.809E-04    0.695E-05    0.695E-05    0.127E-05    0.127E-05
    50.000     0.680    0.555E-01    0.771E-02    0.102E-02    0.151E-03    0.151E-03    0.637E-04    0.637E-04    0.554E-05    0.554E-05    0.103E-05    0.103E-05
    50.000     0.690    0.502E-01    0.662E-02    0.848E-03    0.116E-03    0.116E-03    0.491E-04    0.491E-04    0.440E-05    0.440E-05    0.829E-06    0.829E-06
    50.000     0.700    0.451E-01    0.565E-02    0.704E-03    0.868E-04    0.868E-04    0.368E-04    0.368E-04    0.347E-05    0.347E-05    0.665E-06    0.665E-06
    50.000     0.710    0.405E-01    0.480E-02    0.582E-03    0.621E-04    0.621E-04    0.265E-04    0.265E-04    0.272E-05    0.272E-05    0.529E-06    0.529E-06
    50.000     0.720    0.361E-01    0.404E-02    0.479E-03    0.418E-04    0.418E-04    0.180E-04    0.180E-04    0.212E-05    0.212E-05    0.420E-06    0.420E-06
    50.000     0.730    0.321E-01    0.339E-02    0.391E-03    0.247E-04    0.247E-04    0.109E-04    0.109E-04    0.164E-05    0.164E-05    0.330E-06    0.330E-06
    50.000     0.740    0.283E-01    0.281E-02    0.318E-03    0.116E-04    0.116E-04    0.540E-05    0.540E-05    0.126E-05    0.126E-05    0.258E-06    0.258E-06
    50.000     0.750    0.249E-01    0.232E-02    0.257E-03    0.391E-05    0.391E-05    0.204E-05    0.204E-05    0.957E-06    0.957E-06    0.200E-06    0.200E-06
    50.000     0.760    0.217E-01    0.190E-02    0.207E-03    0.676E-06    0.676E-06    0.435E-06    0.435E-06    0.722E-06    0.722E-06    0.153E-06    0.153E-06
    50.000     0.770    0.189E-01    0.153E-02    0.165E-03    0.000E+00    0.000E+00    0.000E+00    0.000E+00    0.541E-06    0.541E-06    0.117E-06    0.117E-06
    50.000     0.780    0.163E-01    0.123E-02    0.130E-03    0.000E+00    0.000E+00    0.000E+00    0.000E+00    0.399E-06    0.399E-06    0.880E-07    0.880E-07
    50.000     0.790    0.139E-01    0.976E-03    0.102E-03    0.000E+00    0.000E+00    0.000E+00    0.000E+00    0.293E-06    0.293E-06    0.657E-07    0.657E-07
    50.000     0.800    0.118E-01    0.773E-03    0.789E-04    0.000E+00    0.000E+00    0.000E+00    0.000E+00    0.211E-06    0.211E-06    0.483E-07    0.483E-07
    50.000     0.810    0.995E-02    0.609E-03    0.605E-04    0.000E+00    0.000E+00    0.000E+00    0.000E+00    0.151E-06    0.151E-06    0.351E-07    0.351E-07
    50.000     0.820    0.828E-02    0.471E-03    0.458E-04    0.000E+00    0.000E+00    0.000E+00    0.000E+00    0.106E-06    0.106E-06    0.251E-07    0.251E-07
    50.000     0.830    0.682E-02    0.357E-03    0.342E-04    0.000E+00    0.000E+00    0.000E+00    0.000E+00    0.732E-07    0.732E-07    0.176E-07    0.176E-07
    50.000     0.840    0.554E-02    0.266E-03    0.252E-04    0.000E+00    0.000E+00    0.000E+00    0.000E+00    0.498E-07    0.498E-07    0.122E-07    0.122E-07
    50.000     0.850    0.444E-02    0.195E-03    0.182E-04    0.000E+00    0.000E+00    0.000E+00    0.000E+00    0.329E-07    0.329E-07    0.817E-08    0.817E-08
    50.000     0.860    0.351E-02    0.141E-03    0.129E-04    0.000E+00    0.000E+00    0.000E+00    0.000E+00    0.215E-07    0.215E-07    0.541E-08    0.541E-08
    50.000     0.870    0.271E-02    0.989E-04    0.887E-05    0.000E+00    0.000E+00    0.000E+00    0.000E+00    0.134E-07    0.134E-07    0.341E-08    0.341E-08
    50.000     0.880    0.206E-02    0.682E-04    0.598E-05    0.000E+00    0.000E+00    0.000E+00    0.000E+00    0.821E-08    0.821E-08    0.212E-08    0.212E-08
    50.000     0.890    0.152E-02    0.454E-04    0.387E-05    0.000E+00    0.000E+00    0.000E+00    0.000E+00    0.475E-08    0.475E-08    0.124E-08    0.124E-08
    50.000     0.900    0.109E-02    0.294E-04    0.242E-05    0.000E+00    0.000E+00    0.000E+00    0.000E+00    0.263E-08    0.263E-08    0.697E-09    0.697E-09
    50.000     0.910    0.754E-03    0.184E-04    0.144E-05    0.000E+00    0.000E+00    0.000E+00    0.000E+00    0.140E-08    0.140E-08    0.374E-09    0.374E-09
    50.000     0.920    0.499E-03    0.108E-04    0.798E-06    0.000E+00    0.000E+00    0.000E+00    0.000E+00    0.657E-09    0.657E-09    0.178E-09    0.178E-09
    50.000     0.930    0.312E-03    0.622E-05    0.425E-06    0.000E+00    0.000E+00    0.000E+00    0.000E+00    0.327E-09    0.327E-09    0.892E-10    0.892E-10
    50.000     0.940    0.180E-03    0.316E-05    0.190E-06    0.000E+00    0.000E+00    0.000E+00    0.000E+00    0.117E-09    0.117E-09    0.332E-10    0.332E-10
    50.000     0.950    0.938E-04    0.153E-05    0.805E-07    0.000E+00    0.000E+00    0.000E+00    0.000E+00    0.542E-10    0.542E-10    0.157E-10    0.157E-10
    50.000     0.960    0.385E-04    0.564E-06    0.231E-07    0.571E-08    0.571E-08    0.228E-08    0.228E-08    0.191E-10    0.191E-10    0.574E-11    0.574E-11
    50.000     0.970    0.776E-05    0.871E-07    0.755E-09    0.137E-07    0.137E-07    0.549E-08    0.549E-08    0.117E-11    0.117E-11    0.496E-12    0.496E-12
    50.000     0.980    0.000E+00    0.000E+00    0.317E-08    0.182E-07    0.182E-07    0.729E-08    0.729E-08    0.254E-11    0.254E-11    0.531E-12    0.531E-12
    50.000     0.990    0.000E+00    0.277E-07    0.999E-08    0.151E-07    0.151E-07    0.603E-08    0.603E-08    0.758E-11    0.758E-11    0.178E-11    0.178E-11

