Q2	W	LO_xsection(mub/GeV)	NLO_xsection(mub/GeV)	NLO_TMC_xsection(mub/GeV)	NLO_TMC_HT_xsection(mub/GeV)
3.244000e+00	1.070000e+00	5.322982e-06	1.125369e-05	1.523876e-04	2.680521e-04
3.244000e+00	1.080000e+00	6.758883e-06	1.392102e-05	1.601957e-04	2.787589e-04
3.244000e+00	1.090000e+00	8.438448e-06	1.695873e-05	1.682848e-04	2.897104e-04
3.244000e+00	1.100000e+00	1.038105e-05	2.038689e-05	1.766559e-04	3.009007e-04
3.244000e+00	1.110000e+00	1.260577e-05	2.422551e-05	1.853097e-04	3.123240e-04
3.244000e+00	1.120000e+00	1.513128e-05	2.849367e-05	1.942479e-04	3.239755e-04
3.244000e+00	1.130000e+00	1.797577e-05	3.320717e-05	2.034754e-04	3.358565e-04
3.244000e+00	1.140000e+00	2.115691e-05	3.838050e-05	2.129973e-04	3.479690e-04
3.244000e+00	1.150000e+00	2.469168e-05	4.402651e-05	2.228163e-04	3.603109e-04
3.244000e+00	1.160000e+00	2.859650e-05	5.015766e-05	2.329341e-04	3.728791e-04
3.244000e+00	1.170000e+00	3.288704e-05	5.678680e-05	2.433510e-04	3.856680e-04
3.244000e+00	1.180000e+00	3.757831e-05	6.392563e-05	2.540675e-04	3.986730e-04
3.244000e+00	1.190000e+00	4.268436e-05	7.158129e-05	2.650874e-04	4.118951e-04
3.244000e+00	1.200000e+00	4.821845e-05	7.976182e-05	2.764143e-04	4.253352e-04
3.244000e+00	1.210000e+00	5.419311e-05	8.848389e-05	2.880485e-04	4.389891e-04
3.244000e+00	1.220000e+00	6.061976e-05	9.775595e-05	2.999891e-04	4.528510e-04
3.244000e+00	1.230000e+00	6.750906e-05	1.075453e-04	3.122336e-04	4.669139e-04
3.244000e+00	1.240000e+00	7.487067e-05	1.178469e-04	3.247814e-04	4.811731e-04
3.244000e+00	1.250000e+00	8.271323e-05	1.288082e-04	3.376382e-04	4.956339e-04
3.244000e+00	1.260000e+00	9.102973e-05	1.405214e-04	3.508079e-04	5.102991e-04
3.244000e+00	1.270000e+00	9.990548e-05	1.527036e-04	3.642805e-04	5.251520e-04
3.244000e+00	1.280000e+00	1.092084e-04	1.651032e-04	3.780472e-04	5.401775e-04
3.244000e+00	1.290000e+00	1.190347e-04	1.779699e-04	3.921177e-04	5.553877e-04
3.244000e+00	1.300000e+00	1.293781e-04	1.915858e-04	4.065011e-04	5.707938e-04
3.244000e+00	1.310000e+00	1.402360e-04	2.058614e-04	4.211833e-04	5.863752e-04
3.244000e+00	1.320000e+00	1.516071e-04	2.206516e-04	4.361501e-04	6.021108e-04
3.244000e+00	1.330000e+00	1.634950e-04	2.359603e-04	4.514083e-04	6.180096e-04
3.244000e+00	1.340000e+00	1.758976e-04	2.518174e-04	4.669661e-04	6.340827e-04
3.244000e+00	1.350000e+00	1.888154e-04	2.682086e-04	4.828144e-04	6.503177e-04
3.244000e+00	1.360000e+00	2.022456e-04	2.851126e-04	4.989417e-04	6.666993e-04
3.244000e+00	1.370000e+00	2.161859e-04	3.025239e-04	5.153448e-04	6.832237e-04
3.244000e+00	1.380000e+00	2.306327e-04	3.204398e-04	5.320227e-04	6.998907e-04
3.244000e+00	1.390000e+00	2.455815e-04	3.388505e-04	5.489756e-04	7.167017e-04
3.244000e+00	1.400000e+00	2.610271e-04	3.577447e-04	5.662012e-04	7.336548e-04
3.244000e+00	1.410000e+00	2.769633e-04	3.771117e-04	5.836840e-04	7.507318e-04
3.244000e+00	1.420000e+00	2.933832e-04	3.969404e-04	6.014108e-04	7.679177e-04
3.244000e+00	1.430000e+00	3.102798e-04	4.172185e-04	6.193910e-04	7.852264e-04
3.244000e+00	1.440000e+00	3.276440e-04	4.379331e-04	6.376316e-04	8.026690e-04
3.244000e+00	1.450000e+00	3.454685e-04	4.590693e-04	6.561079e-04	8.202171e-04
3.244000e+00	1.460000e+00	3.637415e-04	4.806130e-04	6.747970e-04	8.378450e-04
3.244000e+00	1.470000e+00	3.824553e-04	5.025555e-04	6.937147e-04	8.555746e-04
3.244000e+00	1.480000e+00	4.015962e-04	5.248855e-04	7.128744e-04	8.734260e-04
3.244000e+00	1.490000e+00	4.211568e-04	5.475772e-04	7.322434e-04	8.913624e-04
3.244000e+00	1.500000e+00	4.411208e-04	5.706071e-04	7.517901e-04	9.093487e-04
3.244000e+00	1.510000e+00	4.614812e-04	5.939769e-04	7.715336e-04	9.274114e-04
3.244000e+00	1.520000e+00	4.822196e-04	6.176857e-04	7.914924e-04	9.455765e-04
3.244000e+00	1.530000e+00	5.033293e-04	6.416978e-04	8.116321e-04	9.638070e-04
3.244000e+00	1.540000e+00	5.247899e-04	6.659776e-04	8.319186e-04	9.820661e-04
3.244000e+00	1.550000e+00	5.465948e-04	6.905248e-04	8.523723e-04	1.000382e-03
3.244000e+00	1.560000e+00	5.687227e-04	7.153413e-04	8.730126e-04	1.018781e-03
3.244000e+00	1.570000e+00	5.911669e-04	7.404035e-04	8.938015e-04	1.037224e-03
3.244000e+00	1.580000e+00	6.139049e-04	7.656831e-04	9.147011e-04	1.055671e-03
3.244000e+00	1.590000e+00	6.369295e-04	7.911581e-04	9.357284e-04	1.074146e-03
3.244000e+00	1.600000e+00	6.602187e-04	8.168127e-04	9.569018e-04	1.092674e-03
3.244000e+00	1.610000e+00	6.837641e-04	8.426492e-04	9.781894e-04	1.111223e-03
3.244000e+00	1.620000e+00	7.075440e-04	8.686641e-04	9.995586e-04	1.129762e-03
3.244000e+00	1.630000e+00	7.315489e-04	8.948137e-04	1.021023e-03	1.148309e-03
3.244000e+00	1.640000e+00	7.557587e-04	9.210576e-04	1.042597e-03	1.166886e-03
3.244000e+00	1.650000e+00	7.801618e-04	9.474099e-04	1.064252e-03	1.185465e-03
3.244000e+00	1.660000e+00	8.047393e-04	9.738836e-04	1.085956e-03	1.204015e-03
3.244000e+00	1.670000e+00	8.294780e-04	1.000435e-03	1.107715e-03	1.222547e-03
3.244000e+00	1.680000e+00	8.543622e-04	1.027019e-03	1.129536e-03	1.241074e-03
3.244000e+00	1.690000e+00	8.793756e-04	1.053633e-03	1.151415e-03	1.259595e-03
3.244000e+00	1.700000e+00	9.045043e-04	1.080281e-03	1.173330e-03	1.278091e-03
3.244000e+00	1.710000e+00	9.297307e-04	1.106957e-03	1.195208e-03	1.296487e-03
3.244000e+00	1.720000e+00	9.550439e-04	1.133643e-03	1.217005e-03	1.314741e-03
3.244000e+00	1.730000e+00	9.804237e-04	1.160299e-03	1.238852e-03	1.332999e-03
3.244000e+00	1.740000e+00	1.005861e-03	1.186894e-03	1.260875e-03	1.351398e-03
3.244000e+00	1.750000e+00	1.031335e-03	1.213445e-03	1.283020e-03	1.369886e-03
3.244000e+00	1.760000e+00	1.056838e-03	1.239967e-03	1.305187e-03	1.388357e-03
3.244000e+00	1.770000e+00	1.082349e-03	1.266413e-03	1.327268e-03	1.406700e-03
3.244000e+00	1.780000e+00	1.107860e-03	1.292737e-03	1.349179e-03	1.424832e-03
3.244000e+00	1.790000e+00	1.133352e-03	1.318959e-03	1.370947e-03	1.442787e-03
3.244000e+00	1.800000e+00	1.158818e-03	1.345098e-03	1.392613e-03	1.460612e-03
3.244000e+00	1.810000e+00	1.184236e-03	1.371114e-03	1.414175e-03	1.478309e-03
3.244000e+00	1.820000e+00	1.209602e-03	1.396968e-03	1.435623e-03	1.495873e-03
3.244000e+00	1.830000e+00	1.234895e-03	1.422684e-03	1.456957e-03	1.513308e-03
3.244000e+00	1.840000e+00	1.260111e-03	1.448269e-03	1.478179e-03	1.530618e-03
3.244000e+00	1.850000e+00	1.285229e-03	1.473591e-03	1.499272e-03	1.547791e-03
3.244000e+00	1.860000e+00	1.310245e-03	1.498576e-03	1.520229e-03	1.564822e-03
3.244000e+00	1.870000e+00	1.335140e-03	1.523511e-03	1.541090e-03	1.581757e-03
3.244000e+00	1.880000e+00	1.359911e-03	1.548641e-03	1.561900e-03	1.598644e-03
3.244000e+00	1.890000e+00	1.384539e-03	1.573691e-03	1.582671e-03	1.615498e-03
3.244000e+00	1.900000e+00	1.409021e-03	1.598339e-03	1.603397e-03	1.632314e-03
3.244000e+00	1.910000e+00	1.433339e-03	1.622579e-03	1.624032e-03	1.649049e-03
3.244000e+00	1.920000e+00	1.457489e-03	1.646469e-03	1.644531e-03	1.665659e-03
3.244000e+00	1.930000e+00	1.481457e-03	1.670026e-03	1.664865e-03	1.682118e-03
3.244000e+00	1.940000e+00	1.505238e-03	1.693258e-03	1.685013e-03	1.698407e-03
3.244000e+00	1.950000e+00	1.528818e-03	1.716178e-03	1.704958e-03	1.714512e-03
3.244000e+00	1.960000e+00	1.552194e-03	1.738794e-03	1.724677e-03	1.730413e-03
3.244000e+00	1.970000e+00	1.575351e-03	1.761081e-03	1.744133e-03	1.746074e-03
3.244000e+00	1.980000e+00	1.598287e-03	1.783036e-03	1.763302e-03	1.761475e-03
3.244000e+00	1.990000e+00	1.620990e-03	1.804756e-03	1.782231e-03	1.776666e-03
3.244000e+00	2.000000e+00	1.643457e-03	1.826339e-03	1.800981e-03	1.791709e-03
3.244000e+00	2.010000e+00	1.665676e-03	1.847764e-03	1.819599e-03	1.806652e-03
3.244000e+00	2.020000e+00	1.687645e-03	1.868983e-03	1.838109e-03	1.821520e-03
3.244000e+00	2.030000e+00	1.709352e-03	1.889938e-03	1.856465e-03	1.836271e-03
3.244000e+00	2.040000e+00	1.730797e-03	1.910574e-03	1.874613e-03	1.850851e-03
3.244000e+00	2.050000e+00	1.751969e-03	1.930860e-03	1.892531e-03	1.865240e-03
3.244000e+00	2.060000e+00	1.772867e-03	1.950766e-03	1.910204e-03	1.879425e-03
3.244000e+00	2.070000e+00	1.793482e-03	1.970252e-03	1.927616e-03	1.893391e-03
3.244000e+00	2.080000e+00	1.813813e-03	1.989288e-03	1.944748e-03	1.907123e-03
3.244000e+00	2.090000e+00	1.833851e-03	2.007895e-03	1.961571e-03	1.920592e-03
3.244000e+00	2.100000e+00	1.853595e-03	2.026122e-03	1.978065e-03	1.933780e-03
3.244000e+00	2.110000e+00	1.873039e-03	2.044091e-03	1.994269e-03	1.946729e-03
3.244000e+00	2.120000e+00	1.892181e-03	2.061894e-03	2.010236e-03	1.959489e-03
3.244000e+00	2.130000e+00	1.911016e-03	2.079463e-03	2.026007e-03	1.972100e-03
3.244000e+00	2.140000e+00	1.929542e-03	2.096702e-03	2.041606e-03	1.984588e-03
3.244000e+00	2.150000e+00	1.947755e-03	2.113582e-03	2.056996e-03	1.996917e-03
3.244000e+00	2.160000e+00	1.965656e-03	2.130088e-03	2.072135e-03	2.009046e-03
3.244000e+00	2.170000e+00	1.983237e-03	2.146202e-03	2.087004e-03	2.020959e-03
3.244000e+00	2.180000e+00	2.000500e-03	2.161901e-03	2.101594e-03	2.032646e-03
3.244000e+00	2.190000e+00	2.017449e-03	2.177141e-03	2.115893e-03	2.044098e-03
3.244000e+00	2.200000e+00	2.034075e-03	2.191911e-03	2.129889e-03	2.055301e-03
3.244000e+00	2.210000e+00	2.050327e-03	2.206341e-03	2.143558e-03	2.066235e-03
3.244000e+00	2.220000e+00	2.066289e-03	2.220558e-03	2.156888e-03	2.076887e-03
3.244000e+00	2.230000e+00	2.081948e-03	2.234531e-03	2.169909e-03	2.087287e-03
3.244000e+00	2.240000e+00	2.097279e-03	2.248202e-03	2.182658e-03	2.097472e-03
3.244000e+00	2.250000e+00	2.112264e-03	2.261542e-03	2.195174e-03	2.107478e-03
3.244000e+00	2.260000e+00	2.126924e-03	2.274533e-03	2.207479e-03	2.117327e-03
3.244000e+00	2.270000e+00	2.141259e-03	2.287159e-03	2.219547e-03	2.126994e-03
3.244000e+00	2.280000e+00	2.155264e-03	2.299403e-03	2.231345e-03	2.136445e-03
3.244000e+00	2.290000e+00	2.168935e-03	2.311242e-03	2.242861e-03	2.145672e-03
3.244000e+00	2.300000e+00	2.182283e-03	2.322661e-03	2.254089e-03	2.154667e-03
3.244000e+00	2.310000e+00	2.195308e-03	2.333687e-03	2.265022e-03	2.163423e-03
3.244000e+00	2.320000e+00	2.208006e-03	2.344365e-03	2.275650e-03	2.171932e-03
3.244000e+00	2.330000e+00	2.220374e-03	2.354758e-03	2.285959e-03	2.180180e-03
3.244000e+00	2.340000e+00	2.232420e-03	2.364913e-03	2.295943e-03	2.188160e-03
3.244000e+00	2.350000e+00	2.244148e-03	2.374794e-03	2.305616e-03	2.195887e-03
3.244000e+00	2.360000e+00	2.255554e-03	2.384356e-03	2.315003e-03	2.203383e-03
3.244000e+00	2.370000e+00	2.266636e-03	2.393584e-03	2.324139e-03	2.210682e-03
3.244000e+00	2.380000e+00	2.277400e-03	2.402474e-03	2.333049e-03	2.217806e-03
3.244000e+00	2.390000e+00	2.287852e-03	2.411020e-03	2.341715e-03	2.224739e-03
3.244000e+00	2.400000e+00	2.297989e-03	2.419213e-03	2.350115e-03	2.231458e-03
3.244000e+00	2.410000e+00	2.307813e-03	2.427029e-03	2.358241e-03	2.237958e-03
3.244000e+00	2.420000e+00	2.317324e-03	2.434460e-03	2.366093e-03	2.244234e-03
3.244000e+00	2.430000e+00	2.326531e-03	2.441573e-03	2.373665e-03	2.250284e-03
3.244000e+00	2.440000e+00	2.335434e-03	2.448434e-03	2.380953e-03	2.256102e-03
3.244000e+00	2.450000e+00	2.344032e-03	2.455041e-03	2.387951e-03	2.261683e-03
3.244000e+00	2.460000e+00	2.352328e-03	2.461378e-03	2.394657e-03	2.267023e-03
3.244000e+00	2.470000e+00	2.360329e-03	2.467435e-03	2.401075e-03	2.272125e-03
3.244000e+00	2.480000e+00	2.368036e-03	2.473200e-03	2.407215e-03	2.277001e-03
3.244000e+00	2.490000e+00	2.375450e-03	2.478669e-03	2.413109e-03	2.281677e-03
3.244000e+00	2.500000e+00	2.382574e-03	2.483838e-03	2.418780e-03	2.286177e-03
