     Q**2          x         u           d           g          ub          db          sb          s          cb          c          bb          b
     1.750     0.010    0.373E+00    0.341E+00    0.192E+01    0.229E+00    0.251E+00    0.969E-01    0.969E-01    0.163E-02    0.163E-02    0.000E+00    0.000E+00
     1.750     0.020    0.389E+00    0.356E+00    0.182E+01    0.194E+00    0.213E+00    0.823E-01    0.823E-01    0.140E-02    0.140E-02    0.000E+00    0.000E+00
     1.750     0.030    0.412E+00    0.368E+00    0.176E+01    0.173E+00    0.189E+00    0.731E-01    0.731E-01    0.124E-02    0.124E-02    0.000E+00    0.000E+00
     1.750     0.040    0.436E+00    0.378E+00    0.170E+01    0.159E+00    0.171E+00    0.668E-01    0.668E-01    0.111E-02    0.111E-02    0.000E+00    0.000E+00
     1.750     0.050    0.459E+00    0.386E+00    0.165E+01    0.146E+00    0.158E+00    0.614E-01    0.614E-01    0.101E-02    0.101E-02    0.000E+00    0.000E+00
     1.750     0.060    0.481E+00    0.392E+00    0.160E+01    0.135E+00    0.147E+00    0.570E-01    0.570E-01    0.918E-03    0.918E-03    0.000E+00    0.000E+00
     1.750     0.070    0.501E+00    0.397E+00    0.155E+01    0.124E+00    0.139E+00    0.530E-01    0.530E-01    0.838E-03    0.838E-03    0.000E+00    0.000E+00
     1.750     0.080    0.519E+00    0.401E+00    0.150E+01    0.114E+00    0.132E+00    0.495E-01    0.495E-01    0.767E-03    0.767E-03    0.000E+00    0.000E+00
     1.750     0.090    0.537E+00    0.403E+00    0.145E+01    0.104E+00    0.125E+00    0.463E-01    0.463E-01    0.702E-03    0.702E-03    0.000E+00    0.000E+00
     1.750     0.100    0.553E+00    0.405E+00    0.139E+01    0.952E-01    0.120E+00    0.434E-01    0.434E-01    0.643E-03    0.643E-03    0.000E+00    0.000E+00
     1.750     0.110    0.569E+00    0.406E+00    0.134E+01    0.873E-01    0.114E+00    0.407E-01    0.407E-01    0.590E-03    0.590E-03    0.000E+00    0.000E+00
     1.750     0.120    0.583E+00    0.405E+00    0.128E+01    0.802E-01    0.109E+00    0.382E-01    0.382E-01    0.541E-03    0.541E-03    0.000E+00    0.000E+00
     1.750     0.130    0.597E+00    0.404E+00    0.123E+01    0.739E-01    0.104E+00    0.359E-01    0.359E-01    0.495E-03    0.495E-03    0.000E+00    0.000E+00
     1.750     0.140    0.610E+00    0.402E+00    0.118E+01    0.684E-01    0.990E-01    0.338E-01    0.338E-01    0.454E-03    0.454E-03    0.000E+00    0.000E+00
     1.750     0.150    0.622E+00    0.400E+00    0.112E+01    0.634E-01    0.940E-01    0.317E-01    0.317E-01    0.416E-03    0.416E-03    0.000E+00    0.000E+00
     1.750     0.160    0.632E+00    0.396E+00    0.107E+01    0.591E-01    0.890E-01    0.298E-01    0.298E-01    0.380E-03    0.380E-03    0.000E+00    0.000E+00
     1.750     0.170    0.642E+00    0.393E+00    0.102E+01    0.552E-01    0.840E-01    0.281E-01    0.281E-01    0.348E-03    0.348E-03    0.000E+00    0.000E+00
     1.750     0.180    0.650E+00    0.388E+00    0.964E+00    0.518E-01    0.792E-01    0.264E-01    0.264E-01    0.318E-03    0.318E-03    0.000E+00    0.000E+00
     1.750     0.190    0.658E+00    0.383E+00    0.913E+00    0.488E-01    0.744E-01    0.248E-01    0.248E-01    0.290E-03    0.290E-03    0.000E+00    0.000E+00
     1.750     0.200    0.664E+00    0.378E+00    0.864E+00    0.460E-01    0.698E-01    0.233E-01    0.233E-01    0.265E-03    0.265E-03    0.000E+00    0.000E+00
     1.750     0.210    0.669E+00    0.372E+00    0.816E+00    0.435E-01    0.653E-01    0.219E-01    0.219E-01    0.241E-03    0.241E-03    0.000E+00    0.000E+00
     1.750     0.220    0.672E+00    0.366E+00    0.769E+00    0.413E-01    0.610E-01    0.206E-01    0.206E-01    0.219E-03    0.219E-03    0.000E+00    0.000E+00
     1.750     0.230    0.675E+00    0.360E+00    0.724E+00    0.392E-01    0.569E-01    0.193E-01    0.193E-01    0.199E-03    0.199E-03    0.000E+00    0.000E+00
     1.750     0.240    0.676E+00    0.353E+00    0.680E+00    0.372E-01    0.529E-01    0.181E-01    0.181E-01    0.181E-03    0.181E-03    0.000E+00    0.000E+00
     1.750     0.250    0.676E+00    0.346E+00    0.638E+00    0.354E-01    0.492E-01    0.170E-01    0.170E-01    0.164E-03    0.164E-03    0.000E+00    0.000E+00
     1.750     0.260    0.675E+00    0.339E+00    0.597E+00    0.337E-01    0.457E-01    0.160E-01    0.160E-01    0.149E-03    0.149E-03    0.000E+00    0.000E+00
     1.750     0.270    0.672E+00    0.331E+00    0.558E+00    0.320E-01    0.423E-01    0.149E-01    0.149E-01    0.134E-03    0.134E-03    0.000E+00    0.000E+00
     1.750     0.280    0.669E+00    0.323E+00    0.521E+00    0.304E-01    0.392E-01    0.140E-01    0.140E-01    0.121E-03    0.121E-03    0.000E+00    0.000E+00
     1.750     0.290    0.664E+00    0.315E+00    0.485E+00    0.288E-01    0.363E-01    0.131E-01    0.131E-01    0.110E-03    0.110E-03    0.000E+00    0.000E+00
     1.750     0.300    0.659E+00    0.307E+00    0.451E+00    0.273E-01    0.336E-01    0.122E-01    0.122E-01    0.986E-04    0.986E-04    0.000E+00    0.000E+00
     1.750     0.310    0.652E+00    0.298E+00    0.419E+00    0.259E-01    0.310E-01    0.114E-01    0.114E-01    0.887E-04    0.887E-04    0.000E+00    0.000E+00
     1.750     0.320    0.645E+00    0.290E+00    0.388E+00    0.244E-01    0.287E-01    0.107E-01    0.107E-01    0.796E-04    0.796E-04    0.000E+00    0.000E+00
     1.750     0.330    0.636E+00    0.281E+00    0.359E+00    0.231E-01    0.265E-01    0.995E-02    0.995E-02    0.713E-04    0.713E-04    0.000E+00    0.000E+00
     1.750     0.340    0.627E+00    0.272E+00    0.332E+00    0.217E-01    0.244E-01    0.927E-02    0.927E-02    0.638E-04    0.638E-04    0.000E+00    0.000E+00
     1.750     0.350    0.617E+00    0.263E+00    0.306E+00    0.204E-01    0.226E-01    0.862E-02    0.862E-02    0.570E-04    0.570E-04    0.000E+00    0.000E+00
     1.750     0.360    0.607E+00    0.253E+00    0.281E+00    0.191E-01    0.208E-01    0.802E-02    0.802E-02    0.508E-04    0.508E-04    0.000E+00    0.000E+00
     1.750     0.370    0.595E+00    0.244E+00    0.258E+00    0.179E-01    0.192E-01    0.744E-02    0.744E-02    0.452E-04    0.452E-04    0.000E+00    0.000E+00
     1.750     0.380    0.583E+00    0.235E+00    0.237E+00    0.167E-01    0.177E-01    0.690E-02    0.690E-02    0.402E-04    0.402E-04    0.000E+00    0.000E+00
     1.750     0.390    0.570E+00    0.225E+00    0.216E+00    0.155E-01    0.163E-01    0.640E-02    0.640E-02    0.356E-04    0.356E-04    0.000E+00    0.000E+00
     1.750     0.400    0.557E+00    0.216E+00    0.197E+00    0.144E-01    0.150E-01    0.592E-02    0.592E-02    0.315E-04    0.315E-04    0.000E+00    0.000E+00
     1.750     0.410    0.543E+00    0.206E+00    0.180E+00    0.134E-01    0.138E-01    0.547E-02    0.547E-02    0.278E-04    0.278E-04    0.000E+00    0.000E+00
     1.750     0.420    0.529E+00    0.197E+00    0.163E+00    0.124E-01    0.127E-01    0.504E-02    0.504E-02    0.245E-04    0.245E-04    0.000E+00    0.000E+00
     1.750     0.430    0.515E+00    0.188E+00    0.148E+00    0.115E-01    0.117E-01    0.464E-02    0.464E-02    0.215E-04    0.215E-04    0.000E+00    0.000E+00
     1.750     0.440    0.500E+00    0.178E+00    0.134E+00    0.106E-01    0.107E-01    0.427E-02    0.427E-02    0.189E-04    0.189E-04    0.000E+00    0.000E+00
     1.750     0.450    0.485E+00    0.169E+00    0.121E+00    0.972E-02    0.984E-02    0.392E-02    0.392E-02    0.165E-04    0.165E-04    0.000E+00    0.000E+00
     1.750     0.460    0.469E+00    0.160E+00    0.109E+00    0.892E-02    0.901E-02    0.359E-02    0.359E-02    0.144E-04    0.144E-04    0.000E+00    0.000E+00
     1.750     0.470    0.454E+00    0.151E+00    0.978E-01    0.817E-02    0.823E-02    0.329E-02    0.329E-02    0.125E-04    0.125E-04    0.000E+00    0.000E+00
     1.750     0.480    0.438E+00    0.143E+00    0.876E-01    0.747E-02    0.751E-02    0.300E-02    0.300E-02    0.109E-04    0.109E-04    0.000E+00    0.000E+00
     1.750     0.490    0.422E+00    0.134E+00    0.783E-01    0.681E-02    0.684E-02    0.273E-02    0.273E-02    0.940E-05    0.940E-05    0.000E+00    0.000E+00
     1.750     0.500    0.406E+00    0.126E+00    0.698E-01    0.619E-02    0.621E-02    0.249E-02    0.249E-02    0.811E-05    0.811E-05    0.000E+00    0.000E+00
     1.750     0.510    0.390E+00    0.117E+00    0.620E-01    0.562E-02    0.563E-02    0.225E-02    0.225E-02    0.698E-05    0.698E-05    0.000E+00    0.000E+00
     1.750     0.520    0.374E+00    0.110E+00    0.549E-01    0.508E-02    0.509E-02    0.204E-02    0.204E-02    0.599E-05    0.599E-05    0.000E+00    0.000E+00
     1.750     0.530    0.358E+00    0.102E+00    0.485E-01    0.459E-02    0.459E-02    0.184E-02    0.184E-02    0.512E-05    0.512E-05    0.000E+00    0.000E+00
     1.750     0.540    0.343E+00    0.946E-01    0.427E-01    0.413E-02    0.413E-02    0.165E-02    0.165E-02    0.436E-05    0.436E-05    0.000E+00    0.000E+00
     1.750     0.550    0.327E+00    0.875E-01    0.375E-01    0.370E-02    0.371E-02    0.148E-02    0.148E-02    0.370E-05    0.370E-05    0.000E+00    0.000E+00
     1.750     0.560    0.311E+00    0.807E-01    0.328E-01    0.331E-02    0.331E-02    0.133E-02    0.133E-02    0.313E-05    0.313E-05    0.000E+00    0.000E+00
     1.750     0.570    0.296E+00    0.742E-01    0.286E-01    0.295E-02    0.295E-02    0.118E-02    0.118E-02    0.264E-05    0.264E-05    0.000E+00    0.000E+00
     1.750     0.580    0.280E+00    0.680E-01    0.248E-01    0.262E-02    0.262E-02    0.105E-02    0.105E-02    0.221E-05    0.221E-05    0.000E+00    0.000E+00
     1.750     0.590    0.265E+00    0.621E-01    0.215E-01    0.231E-02    0.231E-02    0.926E-03    0.926E-03    0.185E-05    0.185E-05    0.000E+00    0.000E+00
     1.750     0.600    0.251E+00    0.565E-01    0.185E-01    0.204E-02    0.204E-02    0.815E-03    0.815E-03    0.154E-05    0.154E-05    0.000E+00    0.000E+00
     1.750     0.610    0.236E+00    0.513E-01    0.159E-01    0.178E-02    0.178E-02    0.714E-03    0.714E-03    0.127E-05    0.127E-05    0.000E+00    0.000E+00
     1.750     0.620    0.222E+00    0.463E-01    0.136E-01    0.155E-02    0.155E-02    0.621E-03    0.621E-03    0.105E-05    0.105E-05    0.000E+00    0.000E+00
     1.750     0.630    0.208E+00    0.417E-01    0.115E-01    0.134E-02    0.134E-02    0.538E-03    0.538E-03    0.861E-06    0.861E-06    0.000E+00    0.000E+00
     1.750     0.640    0.195E+00    0.374E-01    0.976E-02    0.115E-02    0.115E-02    0.462E-03    0.462E-03    0.702E-06    0.702E-06    0.000E+00    0.000E+00
     1.750     0.650    0.182E+00    0.333E-01    0.821E-02    0.985E-03    0.985E-03    0.394E-03    0.394E-03    0.570E-06    0.570E-06    0.000E+00    0.000E+00
     1.750     0.660    0.169E+00    0.296E-01    0.688E-02    0.834E-03    0.834E-03    0.334E-03    0.334E-03    0.459E-06    0.459E-06    0.000E+00    0.000E+00
     1.750     0.670    0.157E+00    0.262E-01    0.572E-02    0.699E-03    0.699E-03    0.280E-03    0.280E-03    0.368E-06    0.368E-06    0.000E+00    0.000E+00
     1.750     0.680    0.145E+00    0.230E-01    0.474E-02    0.579E-03    0.579E-03    0.232E-03    0.232E-03    0.293E-06    0.293E-06    0.000E+00    0.000E+00
     1.750     0.690    0.134E+00    0.201E-01    0.389E-02    0.473E-03    0.473E-03    0.189E-03    0.189E-03    0.232E-06    0.232E-06    0.000E+00    0.000E+00
     1.750     0.700    0.123E+00    0.175E-01    0.318E-02    0.380E-03    0.380E-03    0.152E-03    0.152E-03    0.182E-06    0.182E-06    0.000E+00    0.000E+00
     1.750     0.710    0.112E+00    0.151E-01    0.257E-02    0.300E-03    0.300E-03    0.120E-03    0.120E-03    0.141E-06    0.141E-06    0.000E+00    0.000E+00
     1.750     0.720    0.103E+00    0.130E-01    0.207E-02    0.230E-03    0.230E-03    0.922E-04    0.922E-04    0.109E-06    0.109E-06    0.000E+00    0.000E+00
     1.750     0.730    0.931E-01    0.111E-01    0.165E-02    0.171E-03    0.171E-03    0.683E-04    0.683E-04    0.834E-07    0.834E-07    0.000E+00    0.000E+00
     1.750     0.740    0.841E-01    0.938E-02    0.131E-02    0.120E-03    0.120E-03    0.482E-04    0.482E-04    0.632E-07    0.632E-07    0.000E+00    0.000E+00
     1.750     0.750    0.757E-01    0.787E-02    0.102E-02    0.773E-04    0.773E-04    0.310E-04    0.310E-04    0.474E-07    0.474E-07    0.000E+00    0.000E+00
     1.750     0.760    0.677E-01    0.655E-02    0.791E-03    0.423E-04    0.423E-04    0.170E-04    0.170E-04    0.351E-07    0.351E-07    0.000E+00    0.000E+00
     1.750     0.770    0.602E-01    0.539E-02    0.606E-03    0.181E-04    0.181E-04    0.724E-05    0.724E-05    0.257E-07    0.257E-07    0.000E+00    0.000E+00
     1.750     0.780    0.533E-01    0.440E-02    0.458E-03    0.538E-05    0.538E-05    0.216E-05    0.216E-05    0.186E-07    0.186E-07    0.000E+00    0.000E+00
     1.750     0.790    0.468E-01    0.355E-02    0.342E-03    0.000E+00    0.000E+00    0.000E+00    0.000E+00    0.133E-07    0.133E-07    0.000E+00    0.000E+00
     1.750     0.800    0.408E-01    0.284E-02    0.251E-03    0.000E+00    0.000E+00    0.000E+00    0.000E+00    0.930E-08    0.930E-08    0.000E+00    0.000E+00
     1.750     0.810    0.353E-01    0.226E-02    0.182E-03    0.000E+00    0.000E+00    0.000E+00    0.000E+00    0.645E-08    0.645E-08    0.000E+00    0.000E+00
     1.750     0.820    0.303E-01    0.176E-02    0.129E-03    0.000E+00    0.000E+00    0.000E+00    0.000E+00    0.436E-08    0.436E-08    0.000E+00    0.000E+00
     1.750     0.830    0.258E-01    0.135E-02    0.901E-04    0.000E+00    0.000E+00    0.000E+00    0.000E+00    0.290E-08    0.290E-08    0.000E+00    0.000E+00
     1.750     0.840    0.216E-01    0.102E-02    0.615E-04    0.000E+00    0.000E+00    0.000E+00    0.000E+00    0.189E-08    0.189E-08    0.000E+00    0.000E+00
     1.750     0.850    0.180E-01    0.751E-03    0.407E-04    0.000E+00    0.000E+00    0.000E+00    0.000E+00    0.119E-08    0.119E-08    0.000E+00    0.000E+00
     1.750     0.860    0.147E-01    0.543E-03    0.265E-04    0.000E+00    0.000E+00    0.000E+00    0.000E+00    0.748E-09    0.748E-09    0.000E+00    0.000E+00
     1.750     0.870    0.118E-01    0.381E-03    0.164E-04    0.000E+00    0.000E+00    0.000E+00    0.000E+00    0.439E-09    0.439E-09    0.000E+00    0.000E+00
     1.750     0.880    0.936E-02    0.261E-03    0.995E-05    0.000E+00    0.000E+00    0.000E+00    0.000E+00    0.257E-09    0.257E-09    0.000E+00    0.000E+00
     1.750     0.890    0.724E-02    0.171E-03    0.567E-05    0.000E+00    0.000E+00    0.000E+00    0.000E+00    0.140E-09    0.140E-09    0.000E+00    0.000E+00
     1.750     0.900    0.545E-02    0.108E-03    0.308E-05    0.000E+00    0.000E+00    0.000E+00    0.000E+00    0.733E-10    0.733E-10    0.000E+00    0.000E+00
     1.750     0.910    0.398E-02    0.650E-04    0.160E-05    0.000E+00    0.000E+00    0.000E+00    0.000E+00    0.375E-10    0.375E-10    0.000E+00    0.000E+00
     1.750     0.920    0.280E-02    0.363E-04    0.716E-06    0.000E+00    0.000E+00    0.000E+00    0.000E+00    0.160E-10    0.160E-10    0.000E+00    0.000E+00
     1.750     0.930    0.187E-02    0.193E-04    0.342E-06    0.000E+00    0.000E+00    0.000E+00    0.000E+00    0.798E-11    0.798E-11    0.000E+00    0.000E+00
     1.750     0.940    0.117E-02    0.858E-05    0.985E-07    0.000E+00    0.000E+00    0.000E+00    0.000E+00    0.236E-11    0.236E-11    0.000E+00    0.000E+00
     1.750     0.950    0.666E-03    0.352E-05    0.312E-07    0.000E+00    0.000E+00    0.000E+00    0.000E+00    0.965E-12    0.965E-12    0.000E+00    0.000E+00
     1.750     0.960    0.304E-03    0.926E-06    0.236E-08    0.482E-07    0.482E-07    0.193E-07    0.193E-07    0.270E-12    0.270E-12    0.000E+00    0.000E+00
     1.750     0.970    0.715E-04    0.000E+00    0.000E+00    0.116E-06    0.116E-06    0.464E-07    0.464E-07    0.000E+00    0.000E+00    0.000E+00    0.000E+00
     1.750     0.980    0.000E+00    0.176E-06    0.767E-08    0.154E-06    0.154E-06    0.616E-07    0.616E-07    0.122E-12    0.122E-12    0.000E+00    0.000E+00
     1.750     0.990    0.000E+00    0.512E-06    0.170E-07    0.127E-06    0.127E-06    0.509E-07    0.509E-07    0.292E-12    0.292E-12    0.000E+00    0.000E+00

