     Q**2          x         u           d           g          ub          db          sb          s          cb          c          bb          b
     1.750     0.010    0.335E+00    0.290E+00    0.194E+01    0.192E+00    0.212E+00    0.826E-01    0.826E-01    0.289E-02    0.289E-02    0.000E+00    0.000E+00
     1.750     0.020    0.387E+00    0.331E+00    0.230E+01    0.171E+00    0.192E+00    0.738E-01    0.738E-01    0.225E-02    0.225E-02    0.000E+00    0.000E+00
     1.750     0.030    0.437E+00    0.365E+00    0.241E+01    0.160E+00    0.179E+00    0.688E-01    0.688E-01    0.182E-02    0.182E-02    0.000E+00    0.000E+00
     1.750     0.040    0.481E+00    0.391E+00    0.236E+01    0.152E+00    0.171E+00    0.655E-01    0.655E-01    0.150E-02    0.150E-02    0.000E+00    0.000E+00
     1.750     0.050    0.518E+00    0.411E+00    0.227E+01    0.144E+00    0.164E+00    0.624E-01    0.624E-01    0.125E-02    0.125E-02    0.000E+00    0.000E+00
     1.750     0.060    0.550E+00    0.425E+00    0.214E+01    0.136E+00    0.159E+00    0.595E-01    0.595E-01    0.105E-02    0.105E-02    0.000E+00    0.000E+00
     1.750     0.070    0.578E+00    0.436E+00    0.199E+01    0.127E+00    0.154E+00    0.567E-01    0.567E-01    0.890E-03    0.890E-03    0.000E+00    0.000E+00
     1.750     0.080    0.602E+00    0.443E+00    0.185E+01    0.118E+00    0.150E+00    0.539E-01    0.539E-01    0.756E-03    0.756E-03    0.000E+00    0.000E+00
     1.750     0.090    0.623E+00    0.448E+00    0.170E+01    0.109E+00    0.146E+00    0.512E-01    0.512E-01    0.647E-03    0.647E-03    0.000E+00    0.000E+00
     1.750     0.100    0.641E+00    0.450E+00    0.156E+01    0.100E+00    0.141E+00    0.485E-01    0.485E-01    0.556E-03    0.556E-03    0.000E+00    0.000E+00
     1.750     0.110    0.658E+00    0.450E+00    0.143E+01    0.921E-01    0.136E+00    0.459E-01    0.459E-01    0.480E-03    0.480E-03    0.000E+00    0.000E+00
     1.750     0.120    0.672E+00    0.449E+00    0.130E+01    0.848E-01    0.130E+00    0.432E-01    0.432E-01    0.416E-03    0.416E-03    0.000E+00    0.000E+00
     1.750     0.130    0.685E+00    0.446E+00    0.119E+01    0.782E-01    0.124E+00    0.407E-01    0.407E-01    0.363E-03    0.363E-03    0.000E+00    0.000E+00
     1.750     0.140    0.696E+00    0.442E+00    0.108E+01    0.724E-01    0.118E+00    0.382E-01    0.382E-01    0.318E-03    0.318E-03    0.000E+00    0.000E+00
     1.750     0.150    0.706E+00    0.437E+00    0.985E+00    0.671E-01    0.111E+00    0.357E-01    0.357E-01    0.279E-03    0.279E-03    0.000E+00    0.000E+00
     1.750     0.160    0.714E+00    0.431E+00    0.898E+00    0.624E-01    0.104E+00    0.334E-01    0.334E-01    0.247E-03    0.247E-03    0.000E+00    0.000E+00
     1.750     0.170    0.721E+00    0.425E+00    0.820E+00    0.582E-01    0.969E-01    0.311E-01    0.311E-01    0.219E-03    0.219E-03    0.000E+00    0.000E+00
     1.750     0.180    0.726E+00    0.419E+00    0.749E+00    0.543E-01    0.899E-01    0.290E-01    0.290E-01    0.195E-03    0.195E-03    0.000E+00    0.000E+00
     1.750     0.190    0.730E+00    0.412E+00    0.686E+00    0.508E-01    0.831E-01    0.269E-01    0.269E-01    0.174E-03    0.174E-03    0.000E+00    0.000E+00
     1.750     0.200    0.732E+00    0.405E+00    0.630E+00    0.476E-01    0.765E-01    0.249E-01    0.249E-01    0.156E-03    0.156E-03    0.000E+00    0.000E+00
     1.750     0.210    0.733E+00    0.397E+00    0.580E+00    0.445E-01    0.701E-01    0.230E-01    0.230E-01    0.140E-03    0.140E-03    0.000E+00    0.000E+00
     1.750     0.220    0.732E+00    0.389E+00    0.534E+00    0.417E-01    0.641E-01    0.212E-01    0.212E-01    0.126E-03    0.126E-03    0.000E+00    0.000E+00
     1.750     0.230    0.730E+00    0.381E+00    0.494E+00    0.390E-01    0.583E-01    0.195E-01    0.195E-01    0.114E-03    0.114E-03    0.000E+00    0.000E+00
     1.750     0.240    0.726E+00    0.373E+00    0.458E+00    0.365E-01    0.529E-01    0.179E-01    0.179E-01    0.103E-03    0.103E-03    0.000E+00    0.000E+00
     1.750     0.250    0.722E+00    0.364E+00    0.426E+00    0.341E-01    0.479E-01    0.164E-01    0.164E-01    0.930E-04    0.930E-04    0.000E+00    0.000E+00
     1.750     0.260    0.716E+00    0.356E+00    0.396E+00    0.317E-01    0.432E-01    0.150E-01    0.150E-01    0.842E-04    0.842E-04    0.000E+00    0.000E+00
     1.750     0.270    0.708E+00    0.347E+00    0.370E+00    0.295E-01    0.389E-01    0.137E-01    0.137E-01    0.763E-04    0.763E-04    0.000E+00    0.000E+00
     1.750     0.280    0.700E+00    0.337E+00    0.346E+00    0.273E-01    0.350E-01    0.125E-01    0.125E-01    0.692E-04    0.692E-04    0.000E+00    0.000E+00
     1.750     0.290    0.691E+00    0.328E+00    0.325E+00    0.252E-01    0.314E-01    0.114E-01    0.114E-01    0.627E-04    0.627E-04    0.000E+00    0.000E+00
     1.750     0.300    0.681E+00    0.318E+00    0.305E+00    0.232E-01    0.281E-01    0.103E-01    0.103E-01    0.568E-04    0.568E-04    0.000E+00    0.000E+00
     1.750     0.310    0.669E+00    0.308E+00    0.287E+00    0.213E-01    0.251E-01    0.932E-02    0.932E-02    0.514E-04    0.514E-04    0.000E+00    0.000E+00
     1.750     0.320    0.657E+00    0.298E+00    0.270E+00    0.195E-01    0.224E-01    0.841E-02    0.841E-02    0.464E-04    0.464E-04    0.000E+00    0.000E+00
     1.750     0.330    0.645E+00    0.288E+00    0.255E+00    0.178E-01    0.200E-01    0.758E-02    0.758E-02    0.419E-04    0.419E-04    0.000E+00    0.000E+00
     1.750     0.340    0.631E+00    0.277E+00    0.240E+00    0.161E-01    0.178E-01    0.681E-02    0.681E-02    0.378E-04    0.378E-04    0.000E+00    0.000E+00
     1.750     0.350    0.617E+00    0.266E+00    0.227E+00    0.146E-01    0.159E-01    0.611E-02    0.611E-02    0.340E-04    0.340E-04    0.000E+00    0.000E+00
     1.750     0.360    0.602E+00    0.255E+00    0.214E+00    0.131E-01    0.141E-01    0.546E-02    0.546E-02    0.306E-04    0.306E-04    0.000E+00    0.000E+00
     1.750     0.370    0.587E+00    0.245E+00    0.201E+00    0.118E-01    0.125E-01    0.487E-02    0.487E-02    0.274E-04    0.274E-04    0.000E+00    0.000E+00
     1.750     0.380    0.571E+00    0.234E+00    0.190E+00    0.106E-01    0.111E-01    0.434E-02    0.434E-02    0.245E-04    0.245E-04    0.000E+00    0.000E+00
     1.750     0.390    0.555E+00    0.223E+00    0.179E+00    0.942E-02    0.977E-02    0.385E-02    0.385E-02    0.218E-04    0.218E-04    0.000E+00    0.000E+00
     1.750     0.400    0.539E+00    0.212E+00    0.168E+00    0.837E-02    0.862E-02    0.341E-02    0.341E-02    0.194E-04    0.194E-04    0.000E+00    0.000E+00
     1.750     0.410    0.522E+00    0.201E+00    0.158E+00    0.742E-02    0.759E-02    0.301E-02    0.301E-02    0.172E-04    0.172E-04    0.000E+00    0.000E+00
     1.750     0.420    0.505E+00    0.190E+00    0.148E+00    0.655E-02    0.667E-02    0.265E-02    0.265E-02    0.152E-04    0.152E-04    0.000E+00    0.000E+00
     1.750     0.430    0.488E+00    0.179E+00    0.138E+00    0.577E-02    0.585E-02    0.233E-02    0.233E-02    0.134E-04    0.134E-04    0.000E+00    0.000E+00
     1.750     0.440    0.471E+00    0.169E+00    0.129E+00    0.506E-02    0.511E-02    0.204E-02    0.204E-02    0.117E-04    0.117E-04    0.000E+00    0.000E+00
     1.750     0.450    0.453E+00    0.158E+00    0.121E+00    0.442E-02    0.446E-02    0.178E-02    0.178E-02    0.102E-04    0.102E-04    0.000E+00    0.000E+00
     1.750     0.460    0.436E+00    0.148E+00    0.112E+00    0.385E-02    0.388E-02    0.155E-02    0.155E-02    0.892E-05    0.892E-05    0.000E+00    0.000E+00
     1.750     0.470    0.418E+00    0.138E+00    0.104E+00    0.335E-02    0.336E-02    0.135E-02    0.135E-02    0.773E-05    0.773E-05    0.000E+00    0.000E+00
     1.750     0.480    0.401E+00    0.129E+00    0.964E-01    0.290E-02    0.291E-02    0.117E-02    0.117E-02    0.667E-05    0.667E-05    0.000E+00    0.000E+00
     1.750     0.490    0.384E+00    0.120E+00    0.889E-01    0.250E-02    0.251E-02    0.100E-02    0.100E-02    0.573E-05    0.573E-05    0.000E+00    0.000E+00
     1.750     0.500    0.367E+00    0.111E+00    0.819E-01    0.215E-02    0.215E-02    0.864E-03    0.864E-03    0.489E-05    0.489E-05    0.000E+00    0.000E+00
     1.750     0.510    0.350E+00    0.102E+00    0.751E-01    0.184E-02    0.184E-02    0.739E-03    0.739E-03    0.416E-05    0.416E-05    0.000E+00    0.000E+00
     1.750     0.520    0.333E+00    0.942E-01    0.687E-01    0.157E-02    0.157E-02    0.631E-03    0.631E-03    0.352E-05    0.352E-05    0.000E+00    0.000E+00
     1.750     0.530    0.316E+00    0.865E-01    0.626E-01    0.133E-02    0.134E-02    0.536E-03    0.536E-03    0.295E-05    0.295E-05    0.000E+00    0.000E+00
     1.750     0.540    0.300E+00    0.791E-01    0.569E-01    0.113E-02    0.113E-02    0.454E-03    0.454E-03    0.246E-05    0.246E-05    0.000E+00    0.000E+00
     1.750     0.550    0.284E+00    0.722E-01    0.515E-01    0.953E-03    0.953E-03    0.382E-03    0.382E-03    0.204E-05    0.204E-05    0.000E+00    0.000E+00
     1.750     0.560    0.268E+00    0.657E-01    0.465E-01    0.800E-03    0.800E-03    0.321E-03    0.321E-03    0.168E-05    0.168E-05    0.000E+00    0.000E+00
     1.750     0.570    0.252E+00    0.596E-01    0.417E-01    0.668E-03    0.668E-03    0.268E-03    0.268E-03    0.137E-05    0.137E-05    0.000E+00    0.000E+00
     1.750     0.580    0.237E+00    0.538E-01    0.374E-01    0.556E-03    0.556E-03    0.223E-03    0.223E-03    0.111E-05    0.111E-05    0.000E+00    0.000E+00
     1.750     0.590    0.223E+00    0.485E-01    0.333E-01    0.460E-03    0.460E-03    0.184E-03    0.184E-03    0.885E-06    0.885E-06    0.000E+00    0.000E+00
     1.750     0.600    0.208E+00    0.435E-01    0.295E-01    0.378E-03    0.379E-03    0.152E-03    0.152E-03    0.701E-06    0.701E-06    0.000E+00    0.000E+00
     1.750     0.610    0.194E+00    0.389E-01    0.261E-01    0.310E-03    0.310E-03    0.124E-03    0.124E-03    0.548E-06    0.548E-06    0.000E+00    0.000E+00
     1.750     0.620    0.181E+00    0.347E-01    0.229E-01    0.252E-03    0.252E-03    0.101E-03    0.101E-03    0.422E-06    0.422E-06    0.000E+00    0.000E+00
     1.750     0.630    0.168E+00    0.309E-01    0.200E-01    0.204E-03    0.204E-03    0.820E-04    0.820E-04    0.320E-06    0.320E-06    0.000E+00    0.000E+00
     1.750     0.640    0.156E+00    0.273E-01    0.174E-01    0.164E-03    0.164E-03    0.659E-04    0.659E-04    0.237E-06    0.237E-06    0.000E+00    0.000E+00
     1.750     0.650    0.144E+00    0.241E-01    0.151E-01    0.131E-03    0.131E-03    0.527E-04    0.527E-04    0.172E-06    0.172E-06    0.000E+00    0.000E+00
     1.750     0.660    0.132E+00    0.212E-01    0.130E-01    0.104E-03    0.104E-03    0.418E-04    0.418E-04    0.121E-06    0.121E-06    0.000E+00    0.000E+00
     1.750     0.670    0.121E+00    0.186E-01    0.111E-01    0.821E-04    0.821E-04    0.329E-04    0.329E-04    0.814E-07    0.814E-07    0.000E+00    0.000E+00
     1.750     0.680    0.111E+00    0.162E-01    0.940E-02    0.642E-04    0.642E-04    0.257E-04    0.257E-04    0.514E-07    0.514E-07    0.000E+00    0.000E+00
     1.750     0.690    0.101E+00    0.141E-01    0.792E-02    0.497E-04    0.497E-04    0.199E-04    0.199E-04    0.291E-07    0.291E-07    0.000E+00    0.000E+00
     1.750     0.700    0.916E-01    0.122E-01    0.663E-02    0.382E-04    0.382E-04    0.153E-04    0.153E-04    0.139E-07    0.139E-07    0.000E+00    0.000E+00
     1.750     0.710    0.827E-01    0.105E-01    0.551E-02    0.290E-04    0.290E-04    0.116E-04    0.116E-04    0.474E-08    0.474E-08    0.000E+00    0.000E+00
     1.750     0.720    0.744E-01    0.903E-02    0.454E-02    0.219E-04    0.219E-04    0.876E-05    0.876E-05    0.208E-09    0.208E-09    0.000E+00    0.000E+00
     1.750     0.730    0.666E-01    0.772E-02    0.371E-02    0.163E-04    0.163E-04    0.651E-05    0.651E-05    0.000E+00    0.000E+00    0.000E+00    0.000E+00
     1.750     0.740    0.593E-01    0.658E-02    0.300E-02    0.120E-04    0.120E-04    0.480E-05    0.480E-05    0.000E+00    0.000E+00    0.000E+00    0.000E+00
     1.750     0.750    0.525E-01    0.559E-02    0.240E-02    0.872E-05    0.872E-05    0.348E-05    0.348E-05    0.000E+00    0.000E+00    0.000E+00    0.000E+00
     1.750     0.760    0.462E-01    0.472E-02    0.190E-02    0.625E-05    0.625E-05    0.249E-05    0.249E-05    0.000E+00    0.000E+00    0.000E+00    0.000E+00
     1.750     0.770    0.405E-01    0.397E-02    0.149E-02    0.442E-05    0.442E-05    0.176E-05    0.176E-05    0.000E+00    0.000E+00    0.000E+00    0.000E+00
     1.750     0.780    0.352E-01    0.332E-02    0.115E-02    0.306E-05    0.306E-05    0.122E-05    0.122E-05    0.000E+00    0.000E+00    0.000E+00    0.000E+00
     1.750     0.790    0.303E-01    0.277E-02    0.880E-03    0.210E-05    0.210E-05    0.837E-06    0.837E-06    0.000E+00    0.000E+00    0.000E+00    0.000E+00
     1.750     0.800    0.259E-01    0.229E-02    0.660E-03    0.140E-05    0.140E-05    0.555E-06    0.555E-06    0.000E+00    0.000E+00    0.000E+00    0.000E+00
     1.750     0.810    0.220E-01    0.188E-02    0.488E-03    0.920E-06    0.920E-06    0.365E-06    0.365E-06    0.000E+00    0.000E+00    0.000E+00    0.000E+00
     1.750     0.820    0.184E-01    0.154E-02    0.354E-03    0.585E-06    0.585E-06    0.232E-06    0.232E-06    0.000E+00    0.000E+00    0.000E+00    0.000E+00
     1.750     0.830    0.153E-01    0.125E-02    0.251E-03    0.363E-06    0.363E-06    0.144E-06    0.144E-06    0.000E+00    0.000E+00    0.000E+00    0.000E+00
     1.750     0.840    0.125E-01    0.100E-02    0.175E-03    0.220E-06    0.220E-06    0.869E-07    0.869E-07    0.000E+00    0.000E+00    0.000E+00    0.000E+00
     1.750     0.850    0.101E-01    0.800E-03    0.118E-03    0.126E-06    0.126E-06    0.496E-07    0.496E-07    0.000E+00    0.000E+00    0.000E+00    0.000E+00
     1.750     0.860    0.806E-02    0.629E-03    0.777E-04    0.728E-07    0.728E-07    0.285E-07    0.285E-07    0.000E+00    0.000E+00    0.000E+00    0.000E+00
     1.750     0.870    0.629E-02    0.487E-03    0.489E-04    0.370E-07    0.370E-07    0.144E-07    0.144E-07    0.000E+00    0.000E+00    0.000E+00    0.000E+00
     1.750     0.880    0.481E-02    0.371E-03    0.300E-04    0.191E-07    0.191E-07    0.742E-08    0.742E-08    0.000E+00    0.000E+00    0.000E+00    0.000E+00
     1.750     0.890    0.359E-02    0.277E-03    0.173E-04    0.860E-08    0.860E-08    0.330E-08    0.330E-08    0.000E+00    0.000E+00    0.000E+00    0.000E+00
     1.750     0.900    0.260E-02    0.201E-03    0.946E-05    0.347E-08    0.347E-08    0.131E-08    0.131E-08    0.000E+00    0.000E+00    0.000E+00    0.000E+00
     1.750     0.910    0.181E-02    0.141E-03    0.489E-05    0.144E-08    0.144E-08    0.538E-09    0.538E-09    0.000E+00    0.000E+00    0.000E+00    0.000E+00
     1.750     0.920    0.121E-02    0.952E-04    0.217E-05    0.249E-09    0.249E-09    0.868E-10    0.868E-10    0.000E+00    0.000E+00    0.000E+00    0.000E+00
     1.750     0.930    0.766E-03    0.610E-04    0.999E-06    0.150E-09    0.150E-09    0.585E-10    0.585E-10    0.000E+00    0.000E+00    0.000E+00    0.000E+00
     1.750     0.940    0.448E-03    0.362E-04    0.262E-06    0.000E+00    0.000E+00    0.000E+00    0.000E+00    0.000E+00    0.000E+00    0.000E+00    0.000E+00
     1.750     0.950    0.236E-03    0.194E-04    0.688E-07    0.000E+00    0.000E+00    0.000E+00    0.000E+00    0.000E+00    0.000E+00    0.000E+00    0.000E+00
     1.750     0.960    0.984E-04    0.826E-05    0.000E+00    0.000E+00    0.000E+00    0.000E+00    0.000E+00    0.000E+00    0.000E+00    0.000E+00    0.000E+00
     1.750     0.970    0.204E-04    0.177E-05    0.000E+00    0.000E+00    0.000E+00    0.000E+00    0.000E+00    0.000E+00    0.000E+00    0.000E+00    0.000E+00
     1.750     0.980    0.000E+00    0.000E+00    0.265E-07    0.792E-11    0.792E-11    0.304E-11    0.304E-11    0.000E+00    0.000E+00    0.000E+00    0.000E+00
     1.750     0.990    0.000E+00    0.000E+00    0.571E-07    0.147E-10    0.147E-10    0.570E-11    0.570E-11    0.000E+00    0.000E+00    0.000E+00    0.000E+00

