x	F1_NLO_TMC_only	F1_NLO_TMC_only_alternative	F1_NLO_TMC_HT_prelim	F2_NLO_TMC_only	F2_NLO_TMC_HT	F1_LO	F2_LO
1.000000e-02	-1.012781e+03	-9.107439e+02	-8.542231e+02	-5.575813e+02	-5.433489e+02	1.751667e+01	3.503333e-01
2.000000e-02	-2.870994e+02	-2.569011e+02	-2.401294e+02	-1.608699e+02	-1.559736e+02	8.425000e+00	3.370000e-01
3.000000e-02	-1.295346e+02	-1.153721e+02	-1.075153e+02	-7.373486e+01	-7.119544e+01	5.587037e+00	3.352222e-01
4.000000e-02	-7.074934e+01	-6.271803e+01	-5.827839e+01	-4.089417e+01	-3.933998e+01	4.219444e+00	3.375556e-01
5.000000e-02	-4.285881e+01	-3.780587e+01	-3.502799e+01	-2.516068e+01	-2.412104e+01	3.396667e+00	3.396667e-01
6.000000e-02	-2.767015e+01	-2.427773e+01	-2.242625e+01	-1.650931e+01	-1.577485e+01	2.854630e+00	3.425556e-01
7.000000e-02	-1.862397e+01	-1.624446e+01	-1.495740e+01	-1.130585e+01	-1.076795e+01	2.463492e+00	3.448889e-01
8.000000e-02	-1.288812e+01	-1.116691e+01	-1.024580e+01	-7.973002e+00	-7.569191e+00	2.168056e+00	3.468889e-01
9.000000e-02	-9.080351e+00	-7.807527e+00	-7.134844e+00	-5.737025e+00	-5.428641e+00	1.938889e+00	3.490000e-01
1.000000e-01	-6.463062e+00	-5.506901e+00	-5.008839e+00	-4.182957e+00	-3.944706e+00	1.753778e+00	3.507556e-01
1.100000e-01	-4.614994e+00	-3.888946e+00	-3.517014e+00	-3.072603e+00	-2.887207e+00	1.603030e+00	3.526667e-01
1.200000e-01	-3.282305e+00	-2.727370e+00	-2.448529e+00	-2.261705e+00	-2.116939e+00	1.476296e+00	3.543111e-01
1.300000e-01	-2.305262e+00	-1.879994e+00	-1.671050e+00	-1.659016e+00	-1.545988e+00	1.369145e+00	3.559778e-01
1.400000e-01	-1.579697e+00	-1.254239e+00	-1.098502e+00	-1.204721e+00	-1.116803e+00	1.275714e+00	3.572000e-01
1.500000e-01	-1.035613e+00	-7.879930e-01	-6.731988e-01	-8.584075e-01	-7.905609e-01	1.194593e+00	3.583778e-01
1.600000e-01	-6.247594e-01	-4.385139e-01	-3.554910e-01	-5.920662e-01	-5.403950e-01	1.122951e+00	3.593444e-01
1.700000e-01	-3.131456e-01	-1.757421e-01	-1.175252e-01	-3.858525e-01	-3.472982e-01	1.058758e+00	3.599778e-01
1.800000e-01	-7.636617e-02	2.186551e-02	6.063594e-02	-2.254344e-01	-1.975653e-01	9.998148e-01	3.599333e-01
1.900000e-01	1.033926e-01	1.700035e-01	1.934989e-01	-1.002869e-01	-8.114752e-02	9.460819e-01	3.595111e-01
2.000000e-01	2.393233e-01	2.802719e-01	2.917713e-01	-2.566133e-03	9.432252e-03	8.970278e-01	3.588111e-01
2.100000e-01	3.413216e-01	3.613534e-01	3.634570e-01	7.365102e-02	7.981025e-02	8.516667e-01	3.577000e-01
2.200000e-01	4.168951e-01	4.198207e-01	4.146056e-01	1.328892e-01	1.342847e-01	8.096970e-01	3.562667e-01
2.300000e-01	4.717971e-01	4.606982e-01	4.498351e-01	1.786409e-01	1.761675e-01	7.696618e-01	3.540444e-01
2.400000e-01	5.104760e-01	4.878614e-01	4.727012e-01	2.136275e-01	2.080343e-01	7.331250e-01	3.519000e-01
2.500000e-01	5.363986e-01	5.043221e-01	4.859625e-01	2.399870e-01	2.319048e-01	6.977333e-01	3.488667e-01
2.600000e-01	5.522864e-01	5.124375e-01	4.917743e-01	2.594118e-01	2.493746e-01	6.643376e-01	3.454556e-01
2.700000e-01	5.602885e-01	5.140636e-01	4.918298e-01	2.732510e-01	2.617129e-01	6.326337e-01	3.416222e-01
2.800000e-01	5.621120e-01	5.106691e-01	4.874664e-01	2.825864e-01	2.699352e-01	6.025397e-01	3.374222e-01
2.900000e-01	5.591190e-01	5.034220e-01	4.797448e-01	2.882902e-01	2.748584e-01	5.736590e-01	3.327222e-01
3.000000e-01	5.524011e-01	4.932542e-01	4.695094e-01	2.910692e-01	2.771428e-01	5.462778e-01	3.277667e-01
3.100000e-01	5.428361e-01	4.809118e-01	4.574344e-01	2.914988e-01	2.773244e-01	5.197849e-01	3.222667e-01
3.200000e-01	5.311320e-01	4.669937e-01	4.440591e-01	2.900489e-01	2.758399e-01	4.950000e-01	3.168000e-01
3.300000e-01	5.178610e-01	4.519813e-01	4.298156e-01	2.871050e-01	2.730466e-01	4.704545e-01	3.105000e-01
3.400000e-01	5.034866e-01	4.362618e-01	4.150501e-01	2.829838e-01	2.692369e-01	4.474346e-01	3.042556e-01
3.500000e-01	4.883843e-01	4.201471e-01	4.000403e-01	2.779467e-01	2.646513e-01	4.251270e-01	2.975889e-01
3.600000e-01	4.728586e-01	4.038880e-01	3.850083e-01	2.722095e-01	2.594878e-01	4.033025e-01	2.903778e-01
3.700000e-01	4.571561e-01	3.876857e-01	3.701313e-01	2.659508e-01	2.539095e-01	3.828979e-01	2.833444e-01
3.800000e-01	4.414766e-01	3.717016e-01	3.555504e-01	2.593185e-01	2.480508e-01	3.635819e-01	2.763222e-01
3.900000e-01	4.259811e-01	3.560641e-01	3.413772e-01	2.524353e-01	2.420229e-01	3.440456e-01	2.683556e-01
3.977840e-01	4.141310e-01	3.441979e-01	3.306836e-01	2.469696e-01	2.372728e-01	3.300981e-01	2.626169e-01
4.000000e-01	4.107994e-01	3.408751e-01	3.276990e-01	2.454029e-01	2.359172e-01	3.262361e-01	2.609889e-01
4.005308e-01	4.100045e-01	3.400831e-01	3.269882e-01	2.450272e-01	2.355924e-01	3.253101e-01	2.605932e-01
4.033027e-01	4.058726e-01	3.359714e-01	3.233024e-01	2.430624e-01	2.338968e-01	3.204626e-01	2.584862e-01
4.061001e-01	4.017378e-01	3.318650e-01	3.196281e-01	2.410766e-01	2.321873e-01	3.155596e-01	2.562972e-01
4.089232e-01	3.976029e-01	3.277665e-01	3.159679e-01	2.390714e-01	2.304655e-01	3.106114e-01	2.540325e-01
4.100000e-01	3.960363e-01	3.262157e-01	3.145848e-01	2.383066e-01	2.298101e-01	3.087263e-01	2.531556e-01
4.117722e-01	3.934715e-01	3.236790e-01	3.123247e-01	2.370488e-01	2.287334e-01	3.056301e-01	2.516996e-01
4.146475e-01	3.893489e-01	3.196069e-01	3.087028e-01	2.350118e-01	2.269938e-01	3.006472e-01	2.493241e-01
4.175492e-01	3.852369e-01	3.155520e-01	3.051037e-01	2.329615e-01	2.252479e-01	2.957086e-01	2.469448e-01
4.200000e-01	3.817861e-01	3.121568e-01	3.020952e-01	2.312259e-01	2.237729e-01	2.916402e-01	2.449778e-01
4.204778e-01	3.811157e-01	3.114980e-01	3.015119e-01	2.308871e-01	2.234853e-01	2.908603e-01	2.446008e-01
4.234333e-01	3.769867e-01	3.074465e-01	2.979286e-01	2.287895e-01	2.217067e-01	2.861209e-01	2.423076e-01
4.264161e-01	3.728523e-01	3.033996e-01	2.943558e-01	2.266702e-01	2.199136e-01	2.814402e-01	2.400227e-01
4.294265e-01	3.687156e-01	2.993599e-01	2.907959e-01	2.245309e-01	2.181076e-01	2.767579e-01	2.376946e-01
4.300000e-01	3.679318e-01	2.985956e-01	2.901232e-01	2.241234e-01	2.177641e-01	2.758656e-01	2.372444e-01
4.324648e-01	3.645797e-01	2.953303e-01	2.872517e-01	2.223735e-01	2.162906e-01	2.720219e-01	2.352790e-01
4.355311e-01	3.604485e-01	2.913141e-01	2.837263e-01	2.202003e-01	2.144648e-01	2.672406e-01	2.327824e-01
4.386259e-01	3.563276e-01	2.873158e-01	2.802240e-01	2.180145e-01	2.126332e-01	2.624488e-01	2.302335e-01
4.400000e-01	3.545163e-01	2.855605e-01	2.786890e-01	2.170482e-01	2.118253e-01	2.603409e-01	2.291000e-01
4.417494e-01	3.522231e-01	2.833406e-01	2.767497e-01	2.158198e-01	2.107995e-01	2.576806e-01	2.276604e-01
4.449018e-01	3.481135e-01	2.793714e-01	2.732867e-01	2.136044e-01	2.089520e-01	2.529588e-01	2.250832e-01
4.480835e-01	3.439970e-01	2.754069e-01	2.698334e-01	2.113674e-01	2.070899e-01	2.482969e-01	2.225150e-01
4.500000e-01	3.415335e-01	2.730396e-01	2.677743e-01	2.100202e-01	2.059702e-01	2.455432e-01	2.209889e-01
4.512947e-01	3.398766e-01	2.714496e-01	2.663924e-01	2.091106e-01	2.052148e-01	2.437067e-01	2.199677e-01
4.545357e-01	3.357554e-01	2.675024e-01	2.629661e-01	2.068362e-01	2.033287e-01	2.391664e-01	2.174211e-01
4.578069e-01	3.316372e-01	2.635684e-01	2.595575e-01	2.045463e-01	2.014336e-01	2.346101e-01	2.148136e-01
4.600000e-01	3.289012e-01	2.609602e-01	2.573012e-01	2.030156e-01	2.001691e-01	2.315362e-01	2.130133e-01
4.611085e-01	3.275264e-01	2.596513e-01	2.561700e-01	2.022437e-01	1.995321e-01	2.299703e-01	2.120817e-01
4.644408e-01	3.234296e-01	2.557564e-01	2.528088e-01	1.999323e-01	1.976281e-01	2.252473e-01	2.092255e-01
4.678041e-01	3.193493e-01	2.518859e-01	2.494758e-01	1.976139e-01	1.957231e-01	2.205460e-01	2.063429e-01
4.700000e-01	3.167027e-01	2.493820e-01	2.473223e-01	1.961015e-01	1.944819e-01	2.175650e-01	2.045111e-01
4.711987e-01	3.152635e-01	2.480226e-01	2.461539e-01	1.952762e-01	1.938050e-01	2.159786e-01	2.035386e-01
4.746249e-01	3.111740e-01	2.441681e-01	2.428445e-01	1.929207e-01	1.918748e-01	2.115684e-01	2.008338e-01
4.780830e-01	3.070842e-01	2.403253e-01	2.395499e-01	1.905494e-01	1.899346e-01	2.072072e-01	1.981259e-01
4.800000e-01	3.048343e-01	2.382163e-01	2.377441e-01	1.892384e-01	1.888632e-01	2.047847e-01	1.965933e-01
4.815733e-01	3.029976e-01	2.364972e-01	2.362732e-01	1.881647e-01	1.879865e-01	2.027797e-01	1.953055e-01
4.850961e-01	2.989187e-01	2.326873e-01	2.330175e-01	1.857693e-01	1.860330e-01	1.982684e-01	1.923566e-01
4.886518e-01	2.948528e-01	2.289001e-01	2.297871e-01	1.833668e-01	1.840774e-01	1.937677e-01	1.893692e-01
4.900000e-01	2.933273e-01	2.274813e-01	2.285788e-01	1.824615e-01	1.833418e-01	1.920952e-01	1.882533e-01
4.922405e-01	2.908094e-01	2.251429e-01	2.265892e-01	1.809627e-01	1.821252e-01	1.893722e-01	1.864340e-01
4.958627e-01	2.867728e-01	2.214037e-01	2.234114e-01	1.785485e-01	1.801675e-01	1.851028e-01	1.835716e-01
4.995187e-01	2.827331e-01	2.176750e-01	2.202459e-01	1.761188e-01	1.781989e-01	1.809263e-01	1.807521e-01
5.000000e-01	2.822039e-01	2.171876e-01	2.198323e-01	1.757996e-01	1.779403e-01	1.803844e-01	1.803844e-01
5.032087e-01	2.786938e-01	2.139599e-01	2.170954e-01	1.736762e-01	1.762213e-01	1.768049e-01	1.779402e-01
5.069330e-01	2.746591e-01	2.102617e-01	2.139629e-01	1.712233e-01	1.742373e-01	1.726793e-01	1.750745e-01
5.100000e-01	2.713708e-01	2.072567e-01	2.114205e-01	1.692147e-01	1.726143e-01	1.692603e-01	1.726456e-01
5.106921e-01	2.706333e-01	2.065837e-01	2.108516e-01	1.687630e-01	1.722495e-01	1.684823e-01	1.720849e-01
5.144861e-01	2.666220e-01	2.029306e-01	2.077658e-01	1.662988e-01	1.702612e-01	1.641974e-01	1.689531e-01
5.183154e-01	2.626342e-01	1.993091e-01	2.047122e-01	1.638363e-01	1.682777e-01	1.599261e-01	1.657836e-01
5.200000e-01	2.608984e-01	1.977361e-01	2.033875e-01	1.627606e-01	1.674123e-01	1.580940e-01	1.644178e-01
5.221804e-01	2.586644e-01	1.957152e-01	2.016863e-01	1.613727e-01	1.662961e-01	1.557810e-01	1.626924e-01
5.260812e-01	2.546938e-01	1.921348e-01	1.986734e-01	1.588978e-01	1.643053e-01	1.517745e-01	1.596925e-01
5.300000e-01	2.507448e-01	1.885876e-01	1.956901e-01	1.564258e-01	1.623170e-01	1.478522e-01	1.567233e-01
5.300184e-01	2.507264e-01	1.885711e-01	1.956762e-01	1.564142e-01	1.623077e-01	1.478339e-01	1.567094e-01
5.339920e-01	2.467662e-01	1.850274e-01	1.926978e-01	1.539248e-01	1.603058e-01	1.438996e-01	1.536820e-01
5.380026e-01	2.428182e-01	1.815074e-01	1.897415e-01	1.514327e-01	1.583025e-01	1.399736e-01	1.506121e-01
5.400000e-01	2.408713e-01	1.797762e-01	1.882885e-01	1.502000e-01	1.573119e-01	1.380401e-01	1.490833e-01
5.420503e-01	2.388879e-01	1.780154e-01	1.868116e-01	1.489416e-01	1.563012e-01	1.360729e-01	1.475168e-01
5.461356e-01	2.349850e-01	1.745587e-01	1.839151e-01	1.464575e-01	1.543077e-01	1.322070e-01	1.444059e-01
5.500000e-01	2.313455e-01	1.713460e-01	1.812257e-01	1.441322e-01	1.524428e-01	1.286162e-01	1.414778e-01
5.502587e-01	2.311032e-01	1.711326e-01	1.810471e-01	1.439771e-01	1.523184e-01	1.283781e-01	1.412823e-01
5.544199e-01	2.272246e-01	1.677239e-01	1.781930e-01	1.414908e-01	1.503225e-01	1.245840e-01	1.381440e-01
5.586196e-01	2.233532e-01	1.643358e-01	1.753558e-01	1.390014e-01	1.483225e-01	1.208100e-01	1.349738e-01
5.600000e-01	2.220907e-01	1.632340e-01	1.744330e-01	1.381879e-01	1.476686e-01	1.195784e-01	1.339278e-01
5.628580e-01	2.194935e-01	1.609718e-01	1.725385e-01	1.365119e-01	1.463210e-01	1.170429e-01	1.317566e-01
5.671355e-01	2.156505e-01	1.576356e-01	1.697447e-01	1.340256e-01	1.443210e-01	1.133192e-01	1.285342e-01
5.700000e-01	2.131084e-01	1.554357e-01	1.679028e-01	1.323768e-01	1.429944e-01	1.109016e-01	1.264278e-01
5.714524e-01	2.118307e-01	1.543319e-01	1.669790e-01	1.315467e-01	1.423266e-01	1.097054e-01	1.253831e-01
5.758090e-01	2.080443e-01	1.510683e-01	1.642493e-01	1.290816e-01	1.403442e-01	1.062182e-01	1.223232e-01
5.800000e-01	2.044511e-01	1.479835e-01	1.616684e-01	1.267363e-01	1.384563e-01	1.029550e-01	1.194278e-01
5.802056e-01	2.042759e-01	1.478334e-01	1.615427e-01	1.266218e-01	1.383641e-01	1.027962e-01	1.192858e-01
5.846425e-01	2.005160e-01	1.446207e-01	1.588516e-01	1.241627e-01	1.363805e-01	9.938488e-02	1.162092e-01
5.891200e-01	1.967690e-01	1.414332e-01	1.561789e-01	1.217070e-01	1.343961e-01	9.597647e-02	1.130834e-01
5.900000e-01	1.960384e-01	1.408134e-01	1.556588e-01	1.212277e-01	1.340083e-01	9.531073e-02	1.124667e-01
5.936384e-01	1.930395e-01	1.382745e-01	1.535277e-01	1.192581e-01	1.324136e-01	9.257892e-02	1.099164e-01
5.981981e-01	1.893330e-01	1.351484e-01	1.509018e-01	1.168195e-01	1.304364e-01	8.924196e-02	1.067685e-01
6.000000e-01	1.878851e-01	1.339306e-01	1.498785e-01	1.158655e-01	1.296622e-01	8.796296e-02	1.055556e-01
6.027992e-01	1.856570e-01	1.320603e-01	1.483068e-01	1.143959e-01	1.284692e-01	8.602862e-02	1.037163e-01
6.074422e-01	1.820173e-01	1.290141e-01	1.457467e-01	1.119910e-01	1.265157e-01	8.292674e-02	1.007467e-01
6.100000e-01	1.800323e-01	1.273590e-01	1.443535e-01	1.106783e-01	1.254470e-01	8.125228e-02	9.912778e-02
6.121273e-01	1.783914e-01	1.259942e-01	1.432033e-01	1.095927e-01	1.245616e-01	7.986832e-02	9.777911e-02
6.168548e-01	1.747808e-01	1.230013e-01	1.406770e-01	1.072023e-01	1.226076e-01	7.681457e-02	9.476697e-02
6.200000e-01	1.724070e-01	1.210414e-01	1.390195e-01	1.056296e-01	1.213186e-01	7.479839e-02	9.275000e-02
6.216249e-01	1.711898e-01	1.200388e-01	1.381707e-01	1.048228e-01	1.206564e-01	7.376182e-02	9.170419e-02
6.264380e-01	1.676235e-01	1.171100e-01	1.356879e-01	1.024575e-01	1.187110e-01	7.073968e-02	8.862759e-02
6.300000e-01	1.650233e-01	1.149829e-01	1.338817e-01	1.007316e-01	1.172881e-01	6.858466e-02	8.641667e-02
6.312944e-01	1.640879e-01	1.142192e-01	1.332330e-01	1.001104e-01	1.167754e-01	6.782514e-02	8.563547e-02
6.361942e-01	1.605929e-01	1.113731e-01	1.308133e-01	9.778722e-02	1.148560e-01	6.504422e-02	8.276198e-02
6.400000e-01	1.579179e-01	1.092037e-01	1.289647e-01	9.600837e-02	1.133816e-01	6.294488e-02	8.056944e-02
6.411378e-01	1.571239e-01	1.085614e-01	1.284164e-01	9.548038e-02	1.129429e-01	6.232090e-02	7.991246e-02
6.461254e-01	1.536735e-01	1.057792e-01	1.260359e-01	9.318629e-02	1.110314e-01	5.959843e-02	7.701595e-02
6.500000e-01	1.510294e-01	1.036566e-01	1.242139e-01	9.142849e-02	1.095607e-01	5.750385e-02	7.475500e-02
6.511574e-01	1.502460e-01	1.030293e-01	1.236744e-01	9.090773e-02	1.091239e-01	5.688268e-02	7.407918e-02
6.562338e-01	1.468459e-01	1.003146e-01	1.213350e-01	8.864769e-02	1.072233e-01	5.419788e-02	7.113306e-02
6.600000e-01	1.443629e-01	9.834038e-02	1.196286e-01	8.699742e-02	1.058302e-01	5.226768e-02	6.899333e-02
6.613551e-01	1.434786e-01	9.763881e-02	1.190214e-01	8.640962e-02	1.053331e-01	5.159011e-02	6.823860e-02
6.665213e-01	1.401525e-01	9.500749e-02	1.167401e-01	8.419860e-02	1.034587e-01	4.910786e-02	6.546221e-02
6.700000e-01	1.379507e-01	9.327225e-02	1.152316e-01	8.273507e-02	1.022136e-01	4.754229e-02	6.370667e-02
6.717328e-01	1.368632e-01	9.241741e-02	1.144868e-01	8.201252e-02	1.015972e-01	4.679717e-02	6.287108e-02
6.769898e-01	1.335968e-01	8.985922e-02	1.122494e-01	7.984420e-02	9.973893e-02	4.459560e-02	6.038291e-02
6.800000e-01	1.317508e-01	8.841939e-02	1.109849e-01	7.861984e-02	9.868436e-02	4.330474e-02	5.889444e-02
6.822925e-01	1.303573e-01	8.733533e-02	1.100303e-01	7.769613e-02	9.788625e-02	4.228010e-02	5.769342e-02
6.876410e-01	1.271485e-01	8.484837e-02	1.078322e-01	7.557098e-02	9.604176e-02	3.988336e-02	5.484939e-02
6.900000e-01	1.257529e-01	8.377062e-02	1.068762e-01	7.464739e-02	9.523657e-02	3.889734e-02	5.367833e-02
6.930357e-01	1.239755e-01	8.240140e-02	1.056586e-01	7.347175e-02	9.420862e-02	3.773956e-02	5.231147e-02
6.984766e-01	1.208450e-01	7.999877e-02	1.035146e-01	7.140253e-02	9.239152e-02	3.581591e-02	5.003405e-02
7.000000e-01	1.199816e-01	7.933806e-02	1.029235e-01	7.083211e-02	9.188889e-02	3.527103e-02	4.937944e-02
7.039640e-01	1.177579e-01	7.764073e-02	1.014005e-01	6.936404e-02	9.059091e-02	3.379031e-02	4.757285e-02
7.094981e-01	1.146992e-01	7.531731e-02	9.930265e-02	6.734847e-02	8.879607e-02	3.170626e-02	4.499087e-02
7.100000e-01	1.144245e-01	7.510928e-02	9.911409e-02	6.716767e-02	8.863435e-02	3.152387e-02	4.476389e-02
7.150789e-01	1.116717e-01	7.303018e-02	9.722292e-02	6.535768e-02	8.700875e-02	2.977089e-02	4.257787e-02
7.200000e-01	1.090511e-01	7.106053e-02	9.541992e-02	6.363796e-02	8.545291e-02	2.817824e-02	4.057667e-02
7.207066e-01	1.086787e-01	7.078135e-02	9.516346e-02	6.339381e-02	8.523113e-02	2.795367e-02	4.029267e-02
7.263815e-01	1.057243e-01	6.857318e-02	9.312706e-02	6.145927e-02	8.346588e-02	2.618002e-02	3.803305e-02
7.300000e-01	1.038755e-01	6.719712e-02	9.185108e-02	6.025062e-02	8.235597e-02	2.508752e-02	3.662778e-02
7.321035e-01	1.028139e-01	6.640893e-02	9.111790e-02	5.955722e-02	8.171686e-02	2.446999e-02	3.582926e-02
7.378728e-01	9.994914e-02	6.428939e-02	8.913696e-02	5.768875e-02	7.998519e-02	2.283604e-02	3.370028e-02
7.400000e-01	9.890727e-02	6.352153e-02	8.841500e-02	5.701055e-02	7.935244e-02	2.225191e-02	3.293283e-02
7.436896e-01	9.711767e-02	6.220638e-02	8.717271e-02	5.584745e-02	7.826164e-02	2.125842e-02	3.161924e-02
7.495538e-01	9.432169e-02	6.016111e-02	8.522643e-02	5.403476e-02	7.654763e-02	1.973699e-02	2.958786e-02
7.500000e-01	9.411140e-02	6.000774e-02	8.507977e-02	5.389864e-02	7.641822e-02	1.962444e-02	2.943667e-02
7.554655e-01	9.156422e-02	5.815523e-02	8.330021e-02	5.225246e-02	7.484522e-02	1.828500e-02	2.762739e-02
7.600000e-01	8.949200e-02	5.665510e-02	8.184814e-02	5.091662e-02	7.355791e-02	1.722727e-02	2.618544e-02
7.614249e-01	8.884877e-02	5.619070e-02	8.139664e-02	5.050257e-02	7.315693e-02	1.690462e-02	2.574321e-02
7.674320e-01	8.618033e-02	5.427034e-02	7.951976e-02	4.878783e-02	7.148650e-02	1.559125e-02	2.393048e-02
7.700000e-01	8.506098e-02	5.346777e-02	7.873058e-02	4.806997e-02	7.078239e-02	1.505058e-02	2.317789e-02
7.734867e-01	8.355941e-02	5.239413e-02	7.766962e-02	4.710860e-02	6.983429e-02	1.433459e-02	2.217520e-02
7.795890e-01	8.097567e-02	5.055534e-02	7.583627e-02	4.545956e-02	6.819228e-02	1.313585e-02	2.048113e-02
7.800000e-01	8.080375e-02	5.043337e-02	7.571393e-02	4.535007e-02	6.808254e-02	1.305781e-02	2.037018e-02
7.857391e-01	7.843105e-02	4.875487e-02	7.402092e-02	4.384183e-02	6.656182e-02	1.200471e-02	1.886515e-02
7.900000e-01	7.670345e-02	4.753842e-02	7.278268e-02	4.274717e-02	6.544714e-02	1.126653e-02	1.780111e-02
7.919368e-01	7.592783e-02	4.699386e-02	7.222520e-02	4.225669e-02	6.494461e-02	1.094300e-02	1.733233e-02
7.981820e-01	7.346873e-02	4.527364e-02	7.045123e-02	4.070557e-02	6.334275e-02	9.946202e-03	1.587777e-02
8.000000e-01	7.276523e-02	4.478328e-02	6.994194e-02	4.026291e-02	6.288209e-02	9.668056e-03	1.546889e-02
8.044747e-01	7.105761e-02	4.359625e-02	6.870234e-02	3.919047e-02	6.175936e-02	9.004284e-03	1.448743e-02
8.100000e-01	6.899450e-02	4.216839e-02	6.719772e-02	3.789881e-02	6.039392e-02	8.225652e-03	1.332556e-02
8.108149e-01	6.869409e-02	4.196108e-02	6.697789e-02	3.771115e-02	6.019420e-02	8.114670e-03	1.315899e-02
8.172024e-01	6.637185e-02	4.036395e-02	6.527147e-02	3.626438e-02	5.864216e-02	7.278861e-03	1.189661e-02
8.200000e-01	6.537329e-02	3.968009e-02	6.453383e-02	3.564437e-02	5.797032e-02	6.931572e-03	1.136778e-02
8.236370e-01	6.409215e-02	3.880529e-02	6.358394e-02	3.485077e-02	5.710431e-02	6.496889e-03	1.070215e-02
8.300000e-01	6.189678e-02	3.731297e-02	6.194661e-02	3.349585e-02	5.560946e-02	5.781124e-03	9.596667e-03
8.301186e-01	6.185641e-02	3.728561e-02	6.191639e-02	3.347099e-02	5.558184e-02	5.768311e-03	9.576765e-03
8.366471e-01	5.966627e-02	3.580555e-02	6.027021e-02	3.212580e-02	5.407621e-02	5.092486e-03	8.521235e-03
8.400000e-01	5.856603e-02	3.506522e-02	5.943843e-02	3.145242e-02	5.331444e-02	4.767394e-03	8.009222e-03
8.432222e-01	5.752424e-02	3.436622e-02	5.864774e-02	3.081634e-02	5.258968e-02	4.468825e-03	7.536408e-03
8.498436e-01	5.542917e-02	3.296656e-02	5.704776e-02	2.954191e-02	5.112150e-02	3.898881e-03	6.626876e-03
8.500000e-01	5.538040e-02	3.293407e-02	5.701034e-02	2.951232e-02	5.108714e-02	3.886144e-03	6.606444e-03
8.565112e-01	5.337809e-02	3.160442e-02	5.546711e-02	2.830088e-02	4.966926e-02	3.383130e-03	5.795415e-03
8.600000e-01	5.232801e-02	3.091022e-02	5.465212e-02	2.766815e-02	4.891984e-02	3.131848e-03	5.386778e-03
8.632246e-01	5.137153e-02	3.027978e-02	5.390625e-02	2.709340e-02	4.823362e-02	2.908577e-03	5.021477e-03
8.699835e-01	4.941008e-02	2.899260e-02	5.236572e-02	2.591958e-02	4.681530e-02	2.472461e-03	4.302001e-03
8.700000e-01	4.940536e-02	2.898951e-02	5.236199e-02	2.591676e-02	4.681187e-02	2.471456e-03	4.300333e-03
8.767876e-01	4.749445e-02	2.774292e-02	5.084627e-02	2.477959e-02	4.541519e-02	2.083658e-03	3.653864e-03
8.800000e-01	4.661057e-02	2.716880e-02	5.014002e-02	2.425577e-02	4.476403e-02	1.916604e-03	3.373222e-03
8.836365e-01	4.562571e-02	2.653097e-02	4.934910e-02	2.367376e-02	4.403453e-02	1.739044e-03	3.073363e-03
8.900000e-01	4.394154e-02	2.544489e-02	4.798628e-02	2.268265e-02	4.277700e-02	1.455743e-03	2.591222e-03
8.905298e-01	4.380353e-02	2.535617e-02	4.787401e-02	2.260168e-02	4.267337e-02	1.433644e-03	2.553405e-03
8.974670e-01	4.202688e-02	2.421753e-02	4.642003e-02	2.156264e-02	4.133115e-02	1.164545e-03	2.090279e-03
9.000000e-01	4.139216e-02	2.381241e-02	4.589661e-02	2.119298e-02	4.084786e-02	1.075617e-03	1.936111e-03
9.044477e-01	4.029551e-02	2.311455e-02	4.498710e-02	2.055627e-02	4.000801e-02	9.312699e-04	1.684574e-03
9.100000e-01	3.895806e-02	2.226708e-02	4.386867e-02	1.978320e-02	3.897516e-02	7.708303e-04	1.402911e-03
9.200000e-01	3.663586e-02	2.080528e-02	4.190109e-02	1.845032e-02	3.715821e-02	5.313647e-04	9.777111e-04
9.300000e-01	3.442239e-02	1.942363e-02	3.999258e-02	1.719150e-02	3.539637e-02	3.478256e-04	6.469556e-04
9.400000e-01	3.231461e-02	1.811889e-02	3.814188e-02	1.600405e-02	3.368901e-02	2.127364e-04	3.999444e-04
9.500000e-01	3.030968e-02	1.688802e-02	3.634781e-02	1.488546e-02	3.203557e-02	1.182211e-04	2.246200e-04
9.600000e-01	2.840490e-02	1.572812e-02	3.460926e-02	1.383331e-02	3.043547e-02	5.267529e-05	1.011366e-04
9.700000e-01	2.659774e-02	1.463646e-02	3.292517e-02	1.284533e-02	2.888821e-02	1.204745e-05	2.337206e-05
9.800000e-01	2.488577e-02	1.361043e-02	3.129452e-02	1.191938e-02	2.739330e-02	3.231293e-08	6.333333e-08
9.900000e-01	2.326676e-02	1.264758e-02	2.971635e-02	1.105343e-02	2.595029e-02	3.196409e-08	6.328889e-08
