x	F1_NLO_TMC_only	F1_NLO_TMC_only_alternative	F1_NLO_TMC_HT_prelim	F2_NLO_TMC_only	F2_NLO_TMC_HT	F1_LO	F2_LO
1.000000e-02	5.818571e+03	4.812845e+03	4.496090e+03	2.834379e+03	2.619008e+03	1.696667e+01	3.393333e-01
2.000000e-02	1.615396e+03	1.337217e+03	1.250309e+03	7.842745e+02	7.254407e+02	8.194444e+00	3.277778e-01
3.000000e-02	7.186420e+02	5.953687e+02	5.571035e+02	3.478351e+02	3.220405e+02	5.446296e+00	3.267778e-01
4.000000e-02	3.888385e+02	3.224210e+02	3.019171e+02	1.876417e+02	1.738807e+02	4.122222e+00	3.297778e-01
5.000000e-02	2.343463e+02	1.945057e+02	1.822647e+02	1.127473e+02	1.045702e+02	3.334444e+00	3.334444e-01
6.000000e-02	1.511917e+02	1.256234e+02	1.177995e+02	7.251545e+01	6.731548e+01	2.806481e+00	3.367778e-01
7.000000e-02	1.022030e+02	8.502179e+01	7.978217e+01	4.886227e+01	4.539916e+01	2.427778e+00	3.398889e-01
8.000000e-02	7.145671e+01	5.952484e+01	5.589571e+01	3.404896e+01	3.166494e+01	2.140972e+00	3.425556e-01
9.000000e-02	5.123971e+01	4.274882e+01	4.017093e+01	2.433075e+01	2.264874e+01	1.919753e+00	3.455556e-01
1.000000e-01	3.746629e+01	3.131152e+01	2.944437e+01	1.772603e+01	1.651693e+01	1.739889e+00	3.479778e-01
1.100000e-01	2.781960e+01	2.329459e+01	2.192129e+01	1.311230e+01	1.223044e+01	1.593333e+00	3.505333e-01
1.200000e-01	2.091348e+01	1.755001e+01	1.652731e+01	9.818653e+00	9.168078e+00	1.469907e+00	3.527778e-01
1.300000e-01	1.588177e+01	1.336025e+01	1.259076e+01	7.426353e+00	6.941959e+00	1.365556e+00	3.550444e-01
1.400000e-01	1.216359e+01	1.026057e+01	9.676447e+00	5.664547e+00	5.301115e+00	1.274841e+00	3.569556e-01
1.500000e-01	9.384705e+00	7.940786e+00	7.493841e+00	4.352722e+00	4.078221e+00	1.195704e+00	3.587111e-01
1.600000e-01	7.288975e+00	6.188536e+00	5.843972e+00	3.367487e+00	3.158858e+00	1.125938e+00	3.603000e-01
1.700000e-01	5.697251e+00	4.855246e+00	4.587584e+00	2.622649e+00	2.463068e+00	1.063072e+00	3.614444e-01
1.800000e-01	4.481845e+00	3.834986e+00	3.625360e+00	2.056857e+00	1.933915e+00	1.006636e+00	3.623889e-01
1.900000e-01	3.550246e+00	3.050983e+00	2.885293e+00	1.625726e+00	1.530190e+00	9.541520e-01	3.625778e-01
2.000000e-01	2.834463e+00	2.446790e+00	2.314421e+00	1.296683e+00	1.221637e+00	9.073333e-01	3.629333e-01
2.100000e-01	2.283891e+00	1.980377e+00	1.873296e+00	1.045526e+00	9.857653e-01	8.625661e-01	3.622778e-01
2.200000e-01	1.860448e+00	1.620101e+00	1.532202e+00	8.540696e-01	8.056658e-01	8.204545e-01	3.610000e-01
2.300000e-01	1.535190e+00	1.341902e+00	1.268537e+00	7.085203e-01	6.685060e-01	7.819807e-01	3.597111e-01
2.400000e-01	1.285929e+00	1.127326e+00	1.064958e+00	5.983242e-01	5.644623e-01	7.459491e-01	3.580556e-01
2.500000e-01	1.095528e+00	9.621102e-01	9.080527e-01	5.153471e-01	4.859578e-01	7.111556e-01	3.555778e-01
2.600000e-01	9.506608e-01	8.351591e-01	7.873816e-01	4.532781e-01	4.271107e-01	6.780983e-01	3.526111e-01
2.700000e-01	8.409042e-01	7.377878e-01	6.947691e-01	4.071942e-01	3.833286e-01	6.469959e-01	3.493778e-01
2.800000e-01	7.580668e-01	6.631652e-01	6.237806e-01	3.732363e-01	3.510092e-01	6.172421e-01	3.456556e-01
2.900000e-01	6.956824e-01	6.058952e-01	5.693296e-01	3.483678e-01	3.273152e-01	5.886207e-01	3.414000e-01
3.000000e-01	6.486301e-01	5.617000e-01	5.273807e-01	3.301916e-01	3.100048e-01	5.614630e-01	3.368778e-01
3.100000e-01	6.128428e-01	5.271790e-01	4.947235e-01	3.168114e-01	2.973022e-01	5.351971e-01	3.318222e-01
3.200000e-01	5.850847e-01	4.996233e-01	4.687981e-01	3.067244e-01	2.877990e-01	5.099653e-01	3.263778e-01
3.300000e-01	5.627784e-01	4.768725e-01	4.475609e-01	2.987396e-01	2.803768e-01	4.858081e-01	3.206333e-01
3.400000e-01	5.438705e-01	4.572028e-01	4.293793e-01	2.919130e-01	2.741484e-01	4.621078e-01	3.142333e-01
3.457326e-01	5.339168e-01	4.467722e-01	4.198186e-01	2.882262e-01	2.708376e-01	4.492975e-01	3.106752e-01
3.483278e-01	5.295291e-01	4.421739e-01	4.156220e-01	2.865689e-01	2.693609e-01	4.436403e-01	3.090652e-01
3.500000e-01	5.267261e-01	4.392392e-01	4.129496e-01	2.854981e-01	2.684102e-01	4.400159e-01	3.080111e-01
3.509500e-01	5.251396e-01	4.375797e-01	4.114402e-01	2.848875e-01	2.678694e-01	4.379599e-01	3.074038e-01
3.535994e-01	5.207322e-01	4.329765e-01	4.072609e-01	2.831744e-01	2.663559e-01	4.322379e-01	3.056775e-01
3.562765e-01	5.163077e-01	4.283653e-01	4.030851e-01	2.814296e-01	2.648209e-01	4.264815e-01	3.038902e-01
3.589815e-01	5.118684e-01	4.237481e-01	3.989148e-01	2.796543e-01	2.632654e-01	4.206999e-01	3.020469e-01
3.600000e-01	5.102053e-01	4.220208e-01	3.973576e-01	2.789829e-01	2.626789e-01	4.185340e-01	3.013444e-01
3.617148e-01	5.074162e-01	4.191269e-01	3.947520e-01	2.778492e-01	2.616905e-01	4.149026e-01	3.001528e-01
3.644768e-01	5.029537e-01	4.145041e-01	3.905992e-01	2.760154e-01	2.600973e-01	4.091012e-01	2.982155e-01
3.672678e-01	4.984837e-01	4.098824e-01	3.864588e-01	2.741545e-01	2.584873e-01	4.033088e-01	2.962443e-01
3.700000e-01	4.941493e-01	4.054085e-01	3.824621e-01	2.723271e-01	2.569131e-01	3.977177e-01	2.943111e-01
3.700882e-01	4.940102e-01	4.052651e-01	3.823341e-01	2.722681e-01	2.568624e-01	3.975387e-01	2.942488e-01
3.729383e-01	4.895402e-01	4.006583e-01	3.782311e-01	2.703597e-01	2.552261e-01	3.917980e-01	2.922336e-01
3.758185e-01	4.850607e-01	3.960515e-01	3.741399e-01	2.684230e-01	2.535724e-01	3.860720e-01	2.901869e-01
3.787292e-01	4.805626e-01	3.914376e-01	3.700538e-01	2.664533e-01	2.518973e-01	3.803408e-01	2.880928e-01
3.800000e-01	4.786083e-01	3.894367e-01	3.682854e-01	2.655899e-01	2.511651e-01	3.778509e-01	2.871667e-01
3.816708e-01	4.760483e-01	3.868189e-01	3.659751e-01	2.644520e-01	2.502019e-01	3.745863e-01	2.859367e-01
3.846437e-01	4.715206e-01	3.821980e-01	3.619063e-01	2.624202e-01	2.484878e-01	3.688181e-01	2.837258e-01
3.876482e-01	4.669827e-01	3.775777e-01	3.578501e-01	2.603597e-01	2.467565e-01	3.630695e-01	2.814854e-01
3.900000e-01	4.634590e-01	3.739974e-01	3.547155e-01	2.587433e-01	2.454034e-01	3.586467e-01	2.797444e-01
3.906847e-01	4.624380e-01	3.729612e-01	3.538096e-01	2.582722e-01	2.450099e-01	3.573740e-01	2.792415e-01
3.937537e-01	4.578912e-01	3.683524e-01	3.497885e-01	2.561600e-01	2.432503e-01	3.517388e-01	2.769985e-01
3.968555e-01	4.533507e-01	3.637586e-01	3.457938e-01	2.540275e-01	2.414819e-01	3.461152e-01	2.747169e-01
3.999906e-01	4.488049e-01	3.591703e-01	3.418166e-01	2.518689e-01	2.396995e-01	3.404476e-01	2.723517e-01
4.000000e-01	4.487913e-01	3.591566e-01	3.418047e-01	2.518624e-01	2.396942e-01	3.404306e-01	2.723444e-01
4.031593e-01	4.442402e-01	3.545772e-01	3.378470e-01	2.496774e-01	2.378967e-01	3.347010e-01	2.698741e-01
4.063622e-01	4.396597e-01	3.499820e-01	3.338876e-01	2.474548e-01	2.360752e-01	3.289225e-01	2.673216e-01
4.095996e-01	4.350669e-01	3.453879e-01	3.299414e-01	2.452029e-01	2.342369e-01	3.231799e-01	2.647485e-01
4.100000e-01	4.345015e-01	3.448233e-01	3.294573e-01	2.449241e-01	2.340098e-01	3.224797e-01	2.644333e-01
4.128719e-01	4.304653e-01	3.407982e-01	3.260115e-01	2.429237e-01	2.323836e-01	3.175265e-01	2.621969e-01
4.161796e-01	4.258596e-01	3.362166e-01	3.221015e-01	2.406196e-01	2.305179e-01	3.119300e-01	2.596393e-01
4.195231e-01	4.212560e-01	3.316484e-01	3.182165e-01	2.382939e-01	2.286428e-01	3.063274e-01	2.570231e-01
4.200000e-01	4.206046e-01	3.310028e-01	3.176685e-01	2.379630e-01	2.283768e-01	3.055291e-01	2.566444e-01
4.229029e-01	4.166632e-01	3.271009e-01	3.143632e-01	2.359513e-01	2.267631e-01	3.006674e-01	2.543053e-01
4.263194e-01	4.120576e-01	3.225555e-01	3.105240e-01	2.335800e-01	2.248673e-01	2.949706e-01	2.515023e-01
4.297732e-01	4.074349e-01	3.180093e-01	3.066958e-01	2.311780e-01	2.229537e-01	2.892845e-01	2.486534e-01
4.300000e-01	4.071325e-01	3.177125e-01	3.064463e-01	2.310202e-01	2.228281e-01	2.889147e-01	2.484667e-01
4.332645e-01	4.027988e-01	3.134657e-01	3.028819e-01	2.287476e-01	2.210242e-01	2.836487e-01	2.457905e-01
4.367940e-01	3.981537e-01	3.089285e-01	2.990856e-01	2.262912e-01	2.190812e-01	2.780615e-01	2.429118e-01
4.400000e-01	3.939741e-01	3.048583e-01	2.956911e-01	2.240629e-01	2.173253e-01	2.730682e-01	2.403000e-01
4.403620e-01	3.935047e-01	3.044018e-01	2.953110e-01	2.238116e-01	2.171276e-01	2.725087e-01	2.400049e-01
4.439691e-01	3.888580e-01	2.998909e-01	2.915629e-01	2.213123e-01	2.151665e-01	2.669837e-01	2.370642e-01
4.476158e-01	3.842250e-01	2.954047e-01	2.878501e-01	2.187995e-01	2.132039e-01	2.615021e-01	2.341042e-01
4.500000e-01	3.812245e-01	2.925067e-01	2.854587e-01	2.171611e-01	2.119286e-01	2.579827e-01	2.321844e-01
4.513025e-01	3.795920e-01	2.909330e-01	2.841622e-01	2.162664e-01	2.112332e-01	2.560829e-01	2.311422e-01
4.550297e-01	3.749417e-01	2.864628e-01	2.804864e-01	2.137046e-01	2.092462e-01	2.507069e-01	2.281598e-01
4.587979e-01	3.702785e-01	2.819978e-01	2.768264e-01	2.111169e-01	2.072452e-01	2.452988e-01	2.250859e-01
4.600000e-01	3.687996e-01	2.805855e-01	2.756710e-01	2.102923e-01	2.066090e-01	2.435664e-01	2.240811e-01
4.626077e-01	3.656072e-01	2.775423e-01	2.731856e-01	2.085060e-01	2.052329e-01	2.397912e-01	2.218569e-01
4.664595e-01	3.609335e-01	2.731008e-01	2.695685e-01	2.058752e-01	2.032123e-01	2.342539e-01	2.185378e-01
4.700000e-01	3.566859e-01	2.690775e-01	2.663031e-01	2.034682e-01	2.013702e-01	2.293215e-01	2.155622e-01
4.703539e-01	3.562644e-01	2.686789e-01	2.659802e-01	2.032285e-01	2.011872e-01	2.288413e-01	2.152731e-01
4.742913e-01	3.516122e-01	2.642861e-01	2.624299e-01	2.005727e-01	1.991640e-01	2.236374e-01	2.121408e-01
4.782724e-01	3.469610e-01	2.599106e-01	2.589059e-01	1.979001e-01	1.971350e-01	2.185076e-01	2.090134e-01
4.800000e-01	3.449539e-01	2.580286e-01	2.573931e-01	1.967419e-01	1.962573e-01	2.162778e-01	2.076267e-01
4.822975e-01	3.422954e-01	2.555415e-01	2.553965e-01	1.952034e-01	1.950926e-01	2.132844e-01	2.057321e-01
4.863674e-01	3.376205e-01	2.511828e-01	2.519056e-01	1.924856e-01	1.930396e-01	2.079482e-01	2.022774e-01
4.900000e-01	3.334875e-01	2.473447e-01	2.488405e-01	1.900701e-01	1.912195e-01	2.032234e-01	1.991589e-01
4.904825e-01	3.329417e-01	2.468388e-01	2.484371e-01	1.897502e-01	1.909788e-01	2.026026e-01	1.987462e-01
4.946433e-01	3.282653e-01	2.425148e-01	2.449957e-01	1.870008e-01	1.889137e-01	1.973382e-01	1.952240e-01
4.988504e-01	3.235999e-01	2.382171e-01	2.415874e-01	1.842423e-01	1.868490e-01	1.921978e-01	1.917558e-01
5.000000e-01	3.223388e-01	2.370578e-01	2.406705e-01	1.834939e-01	1.862903e-01	1.908289e-01	1.908289e-01
5.031044e-01	3.189577e-01	2.339550e-01	2.382213e-01	1.814817e-01	1.847911e-01	1.872066e-01	1.883694e-01
5.074059e-01	3.143105e-01	2.297080e-01	2.348762e-01	1.787050e-01	1.827256e-01	1.823053e-01	1.850060e-01
5.100000e-01	3.115273e-01	2.271746e-01	2.328844e-01	1.770363e-01	1.814859e-01	1.793747e-01	1.829622e-01
5.117553e-01	3.096529e-01	2.254727e-01	2.315479e-01	1.759102e-01	1.806500e-01	1.773896e-01	1.815601e-01
5.161533e-01	3.049908e-01	2.212535e-01	2.282404e-01	1.731009e-01	1.785673e-01	1.724107e-01	1.779808e-01
5.200000e-01	3.009565e-01	2.176183e-01	2.253978e-01	1.706605e-01	1.767613e-01	1.680673e-01	1.747900e-01
5.206005e-01	3.003307e-01	2.170556e-01	2.249584e-01	1.702811e-01	1.764809e-01	1.673916e-01	1.742881e-01
5.250973e-01	2.956805e-01	2.128851e-01	2.217075e-01	1.674556e-01	1.743953e-01	1.623835e-01	1.705331e-01
5.296445e-01	2.910529e-01	2.087510e-01	2.184967e-01	1.646313e-01	1.723173e-01	1.574997e-01	1.668375e-01
5.300000e-01	2.906944e-01	2.084313e-01	2.182490e-01	1.644120e-01	1.721562e-01	1.571289e-01	1.665567e-01
5.342426e-01	2.864438e-01	2.046507e-01	2.153227e-01	1.618069e-01	1.702447e-01	1.528194e-01	1.632870e-01
5.388921e-01	2.818259e-01	2.005648e-01	2.121646e-01	1.589691e-01	1.681632e-01	1.481973e-01	1.597254e-01
5.400000e-01	2.807323e-01	1.996005e-01	2.114200e-01	1.582960e-01	1.676696e-01	1.470885e-01	1.588556e-01
5.435938e-01	2.772051e-01	1.964982e-01	2.090264e-01	1.561219e-01	1.660759e-01	1.434498e-01	1.559551e-01
5.483482e-01	2.725882e-01	1.924557e-01	2.059127e-01	1.532694e-01	1.639863e-01	1.386648e-01	1.520724e-01
5.500000e-01	2.709983e-01	1.910684e-01	2.048456e-01	1.522853e-01	1.632660e-01	1.370465e-01	1.507511e-01
5.531558e-01	2.679830e-01	1.884433e-01	2.028288e-01	1.504162e-01	1.618988e-01	1.340484e-01	1.483004e-01
5.580174e-01	2.634008e-01	1.844688e-01	1.997826e-01	1.475689e-01	1.598194e-01	1.296005e-01	1.446393e-01
5.600000e-01	2.615571e-01	1.828741e-01	1.985636e-01	1.464205e-01	1.589824e-01	1.278175e-01	1.431556e-01
5.629335e-01	2.588495e-01	1.805379e-01	1.967796e-01	1.447319e-01	1.577524e-01	1.251903e-01	1.409470e-01
5.679047e-01	2.542962e-01	1.766279e-01	1.937944e-01	1.418896e-01	1.556799e-01	1.207837e-01	1.371869e-01
5.700000e-01	2.523919e-01	1.749994e-01	1.925514e-01	1.406999e-01	1.548117e-01	1.189522e-01	1.356056e-01
5.729317e-01	2.497436e-01	1.727410e-01	1.908282e-01	1.390443e-01	1.536032e-01	1.164211e-01	1.334031e-01
5.780150e-01	2.451988e-01	1.688824e-01	1.878857e-01	1.362001e-01	1.515259e-01	1.121012e-01	1.295927e-01
5.800000e-01	2.434416e-01	1.673960e-01	1.867530e-01	1.350995e-01	1.507218e-01	1.104310e-01	1.281000e-01
5.831554e-01	2.406699e-01	1.650576e-01	1.849722e-01	1.333621e-01	1.494525e-01	1.077932e-01	1.257199e-01
5.883534e-01	2.361681e-01	1.612746e-01	1.820956e-01	1.305364e-01	1.473890e-01	1.035491e-01	1.218466e-01
5.900000e-01	2.347613e-01	1.600958e-01	1.812010e-01	1.296521e-01	1.467440e-01	1.022458e-01	1.206500e-01
5.936096e-01	2.317035e-01	1.575401e-01	1.792629e-01	1.277289e-01	1.453410e-01	9.947067e-02	1.180940e-01
5.989247e-01	2.272440e-01	1.538326e-01	1.764485e-01	1.249243e-01	1.432903e-01	9.552699e-02	1.144271e-01
6.000000e-01	2.263484e-01	1.530907e-01	1.758850e-01	1.243611e-01	1.428778e-01	9.474074e-02	1.136889e-01
6.042994e-01	2.227911e-01	1.501531e-01	1.736527e-01	1.221244e-01	1.412373e-01	9.161468e-02	1.107253e-01
6.097342e-01	2.183519e-01	1.465068e-01	1.708800e-01	1.193333e-01	1.391859e-01	8.770372e-02	1.069519e-01
6.100000e-01	2.181365e-01	1.463304e-01	1.707459e-01	1.191979e-01	1.390863e-01	8.751366e-02	1.067667e-01
6.152298e-01	2.139349e-01	1.428993e-01	1.681359e-01	1.165562e-01	1.371405e-01	8.381441e-02	1.031298e-01
6.200000e-01	2.101666e-01	1.398369e-01	1.658073e-01	1.141862e-01	1.353928e-01	8.056452e-02	9.990000e-02
6.207868e-01	2.095517e-01	1.393384e-01	1.654285e-01	1.137993e-01	1.351074e-01	8.004503e-02	9.938193e-02
6.264059e-01	2.052093e-01	1.358285e-01	1.627624e-01	1.110669e-01	1.330907e-01	7.645528e-02	9.578443e-02
6.300000e-01	2.024623e-01	1.336199e-01	1.610810e-01	1.093402e-01	1.318114e-01	7.422840e-02	9.352778e-02
6.320877e-01	2.008768e-01	1.323494e-01	1.601122e-01	1.083445e-01	1.310718e-01	7.294455e-02	9.221466e-02
6.378328e-01	1.965582e-01	1.289039e-01	1.574799e-01	1.056350e-01	1.290527e-01	6.943554e-02	8.857665e-02
6.400000e-01	1.949466e-01	1.276236e-01	1.565000e-01	1.046249e-01	1.282975e-01	6.812066e-02	8.719444e-02
6.436419e-01	1.922609e-01	1.254967e-01	1.548701e-01	1.029427e-01	1.270372e-01	6.592742e-02	8.486682e-02
6.495156e-01	1.879939e-01	1.221338e-01	1.522887e-01	1.002728e-01	1.250302e-01	6.250706e-02	8.119852e-02
6.500000e-01	1.876459e-01	1.218604e-01	1.520787e-01	1.000551e-01	1.248663e-01	6.223504e-02	8.090556e-02
6.554545e-01	1.837706e-01	1.188236e-01	1.497454e-01	9.763220e-02	1.230393e-01	5.927735e-02	7.770800e-02
6.600000e-01	1.805969e-01	1.163485e-01	1.478410e-01	9.564982e-02	1.215397e-01	5.688847e-02	7.509278e-02
6.614593e-01	1.795864e-01	1.155630e-01	1.472353e-01	9.501935e-02	1.210613e-01	5.612229e-02	7.424486e-02
6.675305e-01	1.754185e-01	1.123374e-01	1.447388e-01	9.242415e-02	1.190819e-01	5.297401e-02	7.072301e-02
6.700000e-01	1.737422e-01	1.110462e-01	1.437357e-01	9.138245e-02	1.182833e-01	5.174171e-02	6.933389e-02
6.736688e-01	1.712737e-01	1.091511e-01	1.422598e-01	8.985049e-02	1.171047e-01	4.998751e-02	6.735059e-02
6.798749e-01	1.671594e-01	1.060088e-01	1.398031e-01	8.730260e-02	1.151336e-01	4.715160e-02	6.411439e-02
6.800000e-01	1.670773e-01	1.059463e-01	1.397541e-01	8.725180e-02	1.150942e-01	4.709518e-02	6.404944e-02
6.861492e-01	1.630850e-01	1.029162e-01	1.373751e-01	8.478549e-02	1.131738e-01	4.433174e-02	6.083631e-02
6.900000e-01	1.606336e-01	1.010639e-01	1.359181e-01	8.327311e-02	1.119917e-01	4.261272e-02	5.880556e-02
6.924925e-01	1.590641e-01	9.988157e-02	1.349859e-01	8.230603e-02	1.112333e-01	4.150699e-02	5.748646e-02
6.989054e-01	1.550751e-01	9.689117e-02	1.326162e-01	7.985462e-02	1.092980e-01	3.873552e-02	5.414487e-02
7.000000e-01	1.544010e-01	9.638792e-02	1.322155e-01	7.944134e-02	1.089698e-01	3.827937e-02	5.359111e-02
7.053883e-01	1.511124e-01	9.394144e-02	1.302597e-01	7.742927e-02	1.073638e-01	3.612639e-02	5.096625e-02
7.100000e-01	1.483388e-01	9.188899e-02	1.286088e-01	7.573748e-02	1.060030e-01	3.440102e-02	4.884944e-02
7.119420e-01	1.471825e-01	9.103631e-02	1.279203e-01	7.503361e-02	1.054340e-01	3.370478e-02	4.799180e-02
7.185669e-01	1.432932e-01	8.818022e-02	1.256033e-01	7.267164e-02	1.035129e-01	3.141998e-02	4.515481e-02
7.200000e-01	1.424636e-01	8.757341e-02	1.251089e-01	7.216893e-02	1.031018e-01	3.093557e-02	4.454722e-02
7.252637e-01	1.394549e-01	8.537935e-02	1.233163e-01	7.034863e-02	1.016069e-01	2.916869e-02	4.230982e-02
7.300000e-01	1.367988e-01	8.345125e-02	1.217338e-01	6.874560e-02	1.002821e-01	2.761416e-02	4.031667e-02
7.320329e-01	1.356709e-01	8.263532e-02	1.210610e-01	6.806642e-02	9.971752e-02	2.696300e-02	3.947563e-02
7.388750e-01	1.319190e-01	7.993435e-02	1.188165e-01	6.581524e-02	9.782950e-02	2.485492e-02	3.672935e-02
7.400000e-01	1.313092e-01	7.949721e-02	1.184508e-01	6.545046e-02	9.752120e-02	2.452140e-02	3.629167e-02
7.457906e-01	1.282038e-01	7.727900e-02	1.165852e-01	6.359761e-02	9.594509e-02	2.286155e-02	3.409993e-02
7.500000e-01	1.259820e-01	7.570001e-02	1.152467e-01	6.227685e-02	9.481106e-02	2.170441e-02	3.255661e-02
7.527803e-01	1.245312e-01	7.467257e-02	1.143709e-01	6.141661e-02	9.406763e-02	2.095819e-02	3.155378e-02
7.598444e-01	1.209087e-01	7.211916e-02	1.121789e-01	5.927587e-02	9.220160e-02	1.913251e-02	2.907546e-02
7.600000e-01	1.208301e-01	7.206389e-02	1.121312e-01	5.922949e-02	9.216094e-02	1.909357e-02	2.902222e-02
7.669836e-01	1.173467e-01	6.962444e-02	1.100175e-01	5.718017e-02	9.035364e-02	1.740500e-02	2.669868e-02
7.700000e-01	1.158668e-01	6.859315e-02	1.091161e-01	5.631290e-02	8.958105e-02	1.671108e-02	2.573506e-02
7.741982e-01	1.138295e-01	6.717870e-02	1.078710e-01	5.512269e-02	8.851227e-02	1.577906e-02	2.443230e-02
7.800000e-01	1.110568e-01	6.526363e-02	1.061681e-01	5.350999e-02	8.704781e-02	1.454570e-02	2.269129e-02
7.814888e-01	1.103536e-01	6.477966e-02	1.057347e-01	5.310221e-02	8.667451e-02	1.423779e-02	2.225330e-02
7.888558e-01	1.069242e-01	6.242993e-02	1.036119e-01	5.112117e-02	8.484327e-02	1.277614e-02	2.015702e-02
7.900000e-01	1.063991e-01	6.207169e-02	1.032855e-01	5.081896e-02	8.456129e-02	1.256048e-02	1.984556e-02
7.962995e-01	1.035472e-01	6.013255e-02	1.015069e-01	4.918229e-02	8.302228e-02	1.143072e-02	1.820466e-02
8.000000e-01	1.019038e-01	5.902020e-02	1.004778e-01	4.824275e-02	8.212993e-02	1.080208e-02	1.728333e-02
8.038205e-01	1.002317e-01	5.789219e-02	9.942732e-02	4.728950e-02	8.121765e-02	1.017245e-02	1.635356e-02
8.100000e-01	9.757618e-02	5.610907e-02	9.775066e-02	4.578184e-02	7.975904e-02	9.203704e-03	1.491000e-02
8.114190e-01	9.697401e-02	5.570623e-02	9.736863e-02	4.544117e-02	7.942638e-02	8.991593e-03	1.459193e-02
8.190955e-01	9.376211e-02	5.356738e-02	9.531773e-02	4.363220e-02	7.763908e-02	7.907506e-03	1.295401e-02
8.200000e-01	9.338893e-02	5.331993e-02	9.507803e-02	4.342289e-02	7.743002e-02	7.785908e-03	1.276889e-02
8.268502e-01	9.059994e-02	5.147742e-02	9.327720e-02	4.186428e-02	7.585816e-02	6.900877e-03	1.141199e-02
8.300000e-01	8.933970e-02	5.064884e-02	9.245792e-02	4.116330e-02	7.514237e-02	6.514726e-03	1.081444e-02
8.346835e-01	8.749197e-02	4.943841e-02	9.125035e-02	4.013926e-02	7.408655e-02	5.965319e-03	9.958250e-03
8.400000e-01	8.543335e-02	4.809598e-02	8.989610e-02	3.900347e-02	7.290131e-02	5.384259e-03	9.045556e-03
8.425957e-01	8.444397e-02	4.745303e-02	8.924211e-02	3.845944e-02	7.232840e-02	5.119192e-03	8.626876e-03
8.500000e-01	8.167708e-02	4.566282e-02	8.740161e-02	3.694458e-02	7.071434e-02	4.415490e-03	7.506333e-03
8.505869e-01	8.146091e-02	4.552347e-02	8.725694e-02	3.682669e-02	7.058742e-02	4.362068e-03	7.420623e-03
8.586574e-01	7.853091e-02	4.364258e-02	8.528151e-02	3.523588e-02	6.885406e-02	3.659782e-03	6.284983e-03
8.600000e-01	7.805136e-02	4.333611e-02	8.495562e-02	3.497677e-02	6.856805e-02	3.550065e-03	6.106111e-03
8.668074e-01	7.565493e-02	4.181038e-02	8.331588e-02	3.368724e-02	6.712884e-02	3.031055e-03	5.254675e-03
8.700000e-01	7.455109e-02	4.111084e-02	8.255415e-02	3.309627e-02	6.646018e-02	2.809515e-03	4.888556e-03
8.750370e-01	7.283575e-02	4.002785e-02	8.136217e-02	3.218170e-02	6.541377e-02	2.487494e-03	4.353331e-03
8.800000e-01	7.117716e-02	3.898537e-02	8.019989e-02	3.130176e-02	6.439333e-02	2.196843e-03	3.866444e-03
8.833463e-01	7.007669e-02	3.829623e-02	7.942334e-02	3.072031e-02	6.371149e-02	2.012467e-03	3.555386e-03
8.900000e-01	6.793151e-02	3.695869e-02	7.789695e-02	2.959236e-02	6.237109e-02	1.674657e-03	2.980889e-03
9.000000e-01	6.481606e-02	3.502989e-02	7.564933e-02	2.796723e-02	6.039695e-02	1.244630e-03	2.240333e-03
9.100000e-01	6.183252e-02	3.319810e-02	7.346076e-02	2.642558e-02	5.847412e-02	8.960867e-04	1.630878e-03
9.200000e-01	5.898244e-02	3.146241e-02	7.133466e-02	2.496660e-02	5.660557e-02	6.187560e-04	1.138511e-03
9.300000e-01	5.626720e-02	2.982198e-02	6.927424e-02	2.358952e-02	5.479408e-02	4.078196e-04	7.585444e-04
9.400000e-01	5.368804e-02	2.827594e-02	6.728244e-02	2.229356e-02	5.304220e-02	2.514125e-04	4.726556e-04
9.500000e-01	5.124608e-02	2.682346e-02	6.536202e-02	2.107797e-02	5.135231e-02	1.409789e-04	2.678600e-04
9.600000e-01	4.894232e-02	2.546374e-02	6.351555e-02	1.994204e-02	4.972664e-02	6.358371e-05	1.220807e-04
9.700000e-01	4.677769e-02	2.419597e-02	6.174540e-02	1.888504e-02	4.816725e-02	1.469192e-05	2.850233e-05
9.800000e-01	4.475302e-02	2.301941e-02	6.005383e-02	1.790632e-02	4.667609e-02	3.911565e-08	7.666667e-08
9.900000e-01	4.286909e-02	2.193333e-02	5.844294e-02	1.700520e-02	4.525496e-02	3.652076e-08	7.231111e-08
