     Q**2          x         u           d           g          ub          db          sb          s          cb          c          bb          b
    90.000     0.010    0.603E+00    0.539E+00    0.668E+01    0.399E+00    0.420E+00    0.301E+00    0.301E+00    0.229E+00    0.229E+00    0.767E-01    0.767E-01
    90.000     0.020    0.587E+00    0.501E+00    0.468E+01    0.299E+00    0.321E+00    0.215E+00    0.215E+00    0.151E+00    0.151E+00    0.475E-01    0.475E-01
    90.000     0.030    0.593E+00    0.484E+00    0.359E+01    0.244E+00    0.265E+00    0.168E+00    0.168E+00    0.110E+00    0.110E+00    0.330E-01    0.330E-01
    90.000     0.040    0.605E+00    0.474E+00    0.295E+01    0.210E+00    0.231E+00    0.140E+00    0.140E+00    0.856E-01    0.856E-01    0.254E-01    0.254E-01
    90.000     0.050    0.614E+00    0.464E+00    0.245E+01    0.181E+00    0.205E+00    0.118E+00    0.118E+00    0.678E-01    0.678E-01    0.198E-01    0.198E-01
    90.000     0.060    0.622E+00    0.455E+00    0.207E+01    0.158E+00    0.185E+00    0.102E+00    0.102E+00    0.550E-01    0.550E-01    0.159E-01    0.159E-01
    90.000     0.070    0.628E+00    0.445E+00    0.177E+01    0.139E+00    0.168E+00    0.886E-01    0.886E-01    0.452E-01    0.452E-01    0.130E-01    0.130E-01
    90.000     0.080    0.632E+00    0.434E+00    0.153E+01    0.122E+00    0.154E+00    0.777E-01    0.777E-01    0.374E-01    0.374E-01    0.107E-01    0.107E-01
    90.000     0.090    0.635E+00    0.424E+00    0.132E+01    0.108E+00    0.141E+00    0.687E-01    0.687E-01    0.314E-01    0.314E-01    0.889E-02    0.889E-02
    90.000     0.100    0.637E+00    0.413E+00    0.115E+01    0.959E-01    0.130E+00    0.610E-01    0.610E-01    0.265E-01    0.265E-01    0.747E-02    0.747E-02
    90.000     0.110    0.637E+00    0.402E+00    0.101E+01    0.855E-01    0.119E+00    0.544E-01    0.544E-01    0.225E-01    0.225E-01    0.633E-02    0.633E-02
    90.000     0.120    0.636E+00    0.390E+00    0.892E+00    0.765E-01    0.109E+00    0.487E-01    0.487E-01    0.193E-01    0.193E-01    0.540E-02    0.540E-02
    90.000     0.130    0.634E+00    0.379E+00    0.789E+00    0.688E-01    0.998E-01    0.437E-01    0.437E-01    0.166E-01    0.166E-01    0.464E-02    0.464E-02
    90.000     0.140    0.630E+00    0.367E+00    0.701E+00    0.620E-01    0.910E-01    0.392E-01    0.392E-01    0.143E-01    0.143E-01    0.400E-02    0.400E-02
    90.000     0.150    0.626E+00    0.356E+00    0.625E+00    0.562E-01    0.828E-01    0.353E-01    0.353E-01    0.125E-01    0.125E-01    0.347E-02    0.347E-02
    90.000     0.160    0.620E+00    0.344E+00    0.559E+00    0.510E-01    0.751E-01    0.318E-01    0.318E-01    0.109E-01    0.109E-01    0.302E-02    0.302E-02
    90.000     0.170    0.614E+00    0.333E+00    0.502E+00    0.464E-01    0.680E-01    0.286E-01    0.286E-01    0.955E-02    0.955E-02    0.264E-02    0.264E-02
    90.000     0.180    0.606E+00    0.322E+00    0.451E+00    0.423E-01    0.614E-01    0.258E-01    0.258E-01    0.840E-02    0.840E-02    0.231E-02    0.231E-02
    90.000     0.190    0.597E+00    0.311E+00    0.407E+00    0.387E-01    0.553E-01    0.232E-01    0.232E-01    0.740E-02    0.740E-02    0.203E-02    0.203E-02
    90.000     0.200    0.588E+00    0.300E+00    0.368E+00    0.353E-01    0.496E-01    0.209E-01    0.209E-01    0.655E-02    0.655E-02    0.179E-02    0.179E-02
    90.000     0.210    0.578E+00    0.289E+00    0.333E+00    0.323E-01    0.445E-01    0.188E-01    0.188E-01    0.579E-02    0.579E-02    0.158E-02    0.158E-02
    90.000     0.220    0.567E+00    0.278E+00    0.303E+00    0.295E-01    0.398E-01    0.169E-01    0.169E-01    0.514E-02    0.514E-02    0.139E-02    0.139E-02
    90.000     0.230    0.555E+00    0.268E+00    0.275E+00    0.269E-01    0.355E-01    0.152E-01    0.152E-01    0.456E-02    0.456E-02    0.123E-02    0.123E-02
    90.000     0.240    0.543E+00    0.257E+00    0.250E+00    0.246E-01    0.316E-01    0.137E-01    0.137E-01    0.406E-02    0.406E-02    0.109E-02    0.109E-02
    90.000     0.250    0.530E+00    0.247E+00    0.228E+00    0.224E-01    0.281E-01    0.123E-01    0.123E-01    0.361E-02    0.361E-02    0.964E-03    0.964E-03
    90.000     0.260    0.516E+00    0.236E+00    0.208E+00    0.203E-01    0.249E-01    0.110E-01    0.110E-01    0.321E-02    0.321E-02    0.854E-03    0.854E-03
    90.000     0.270    0.503E+00    0.226E+00    0.190E+00    0.184E-01    0.221E-01    0.982E-02    0.982E-02    0.286E-02    0.286E-02    0.757E-03    0.757E-03
    90.000     0.280    0.488E+00    0.216E+00    0.173E+00    0.167E-01    0.196E-01    0.878E-02    0.878E-02    0.254E-02    0.254E-02    0.670E-03    0.670E-03
    90.000     0.290    0.474E+00    0.206E+00    0.158E+00    0.151E-01    0.173E-01    0.783E-02    0.783E-02    0.226E-02    0.226E-02    0.593E-03    0.593E-03
    90.000     0.300    0.459E+00    0.196E+00    0.144E+00    0.135E-01    0.153E-01    0.697E-02    0.697E-02    0.201E-02    0.201E-02    0.525E-03    0.525E-03
    90.000     0.310    0.444E+00    0.187E+00    0.132E+00    0.122E-01    0.135E-01    0.619E-02    0.619E-02    0.178E-02    0.178E-02    0.464E-03    0.464E-03
    90.000     0.320    0.429E+00    0.177E+00    0.120E+00    0.109E-01    0.119E-01    0.550E-02    0.550E-02    0.158E-02    0.158E-02    0.410E-03    0.410E-03
    90.000     0.330    0.414E+00    0.168E+00    0.110E+00    0.971E-02    0.104E-01    0.487E-02    0.487E-02    0.140E-02    0.140E-02    0.361E-03    0.361E-03
    90.000     0.340    0.399E+00    0.158E+00    0.998E-01    0.863E-02    0.917E-02    0.430E-02    0.430E-02    0.124E-02    0.124E-02    0.319E-03    0.319E-03
    90.000     0.350    0.384E+00    0.149E+00    0.909E-01    0.765E-02    0.805E-02    0.379E-02    0.379E-02    0.109E-02    0.109E-02    0.280E-03    0.280E-03
    90.000     0.360    0.369E+00    0.141E+00    0.827E-01    0.677E-02    0.705E-02    0.334E-02    0.334E-02    0.961E-03    0.961E-03    0.246E-03    0.246E-03
    90.000     0.370    0.354E+00    0.132E+00    0.751E-01    0.596E-02    0.616E-02    0.293E-02    0.293E-02    0.845E-03    0.845E-03    0.216E-03    0.216E-03
    90.000     0.380    0.339E+00    0.124E+00    0.682E-01    0.524E-02    0.538E-02    0.257E-02    0.257E-02    0.742E-03    0.742E-03    0.189E-03    0.189E-03
    90.000     0.390    0.324E+00    0.116E+00    0.618E-01    0.459E-02    0.469E-02    0.225E-02    0.225E-02    0.649E-03    0.649E-03    0.165E-03    0.165E-03
    90.000     0.400    0.310E+00    0.108E+00    0.559E-01    0.401E-02    0.408E-02    0.196E-02    0.196E-02    0.567E-03    0.567E-03    0.144E-03    0.144E-03
    90.000     0.410    0.296E+00    0.101E+00    0.505E-01    0.349E-02    0.354E-02    0.170E-02    0.170E-02    0.494E-03    0.494E-03    0.126E-03    0.126E-03
    90.000     0.420    0.282E+00    0.934E-01    0.456E-01    0.303E-02    0.306E-02    0.148E-02    0.148E-02    0.429E-03    0.429E-03    0.109E-03    0.109E-03
    90.000     0.430    0.268E+00    0.865E-01    0.410E-01    0.262E-02    0.264E-02    0.128E-02    0.128E-02    0.372E-03    0.372E-03    0.945E-04    0.945E-04
    90.000     0.440    0.254E+00    0.800E-01    0.369E-01    0.226E-02    0.228E-02    0.110E-02    0.110E-02    0.321E-03    0.321E-03    0.817E-04    0.817E-04
    90.000     0.450    0.241E+00    0.737E-01    0.331E-01    0.195E-02    0.195E-02    0.946E-03    0.946E-03    0.276E-03    0.276E-03    0.704E-04    0.704E-04
    90.000     0.460    0.228E+00    0.678E-01    0.296E-01    0.167E-02    0.167E-02    0.810E-03    0.810E-03    0.237E-03    0.237E-03    0.606E-04    0.606E-04
    90.000     0.470    0.215E+00    0.622E-01    0.264E-01    0.142E-02    0.143E-02    0.692E-03    0.692E-03    0.203E-03    0.203E-03    0.519E-04    0.519E-04
    90.000     0.480    0.203E+00    0.569E-01    0.235E-01    0.121E-02    0.122E-02    0.589E-03    0.589E-03    0.173E-03    0.173E-03    0.444E-04    0.444E-04
    90.000     0.490    0.191E+00    0.519E-01    0.209E-01    0.103E-02    0.103E-02    0.500E-03    0.500E-03    0.147E-03    0.147E-03    0.378E-04    0.378E-04
    90.000     0.500    0.180E+00    0.472E-01    0.186E-01    0.870E-03    0.871E-03    0.423E-03    0.423E-03    0.124E-03    0.124E-03    0.322E-04    0.322E-04
    90.000     0.510    0.169E+00    0.428E-01    0.164E-01    0.732E-03    0.733E-03    0.356E-03    0.356E-03    0.104E-03    0.104E-03    0.272E-04    0.272E-04
    90.000     0.520    0.158E+00    0.388E-01    0.145E-01    0.615E-03    0.615E-03    0.298E-03    0.298E-03    0.875E-04    0.875E-04    0.230E-04    0.230E-04
    90.000     0.530    0.148E+00    0.350E-01    0.127E-01    0.513E-03    0.513E-03    0.249E-03    0.249E-03    0.730E-04    0.730E-04    0.193E-04    0.193E-04
    90.000     0.540    0.138E+00    0.315E-01    0.112E-01    0.427E-03    0.427E-03    0.207E-03    0.207E-03    0.606E-04    0.606E-04    0.162E-04    0.162E-04
    90.000     0.550    0.128E+00    0.282E-01    0.975E-02    0.354E-03    0.354E-03    0.171E-03    0.171E-03    0.500E-04    0.500E-04    0.135E-04    0.135E-04
    90.000     0.560    0.119E+00    0.252E-01    0.850E-02    0.292E-03    0.292E-03    0.141E-03    0.141E-03    0.411E-04    0.411E-04    0.112E-04    0.112E-04
    90.000     0.570    0.110E+00    0.225E-01    0.738E-02    0.239E-03    0.239E-03    0.116E-03    0.116E-03    0.336E-04    0.336E-04    0.929E-05    0.929E-05
    90.000     0.580    0.102E+00    0.200E-01    0.639E-02    0.195E-03    0.195E-03    0.945E-04    0.945E-04    0.273E-04    0.273E-04    0.765E-05    0.765E-05
    90.000     0.590    0.938E-01    0.177E-01    0.551E-02    0.159E-03    0.159E-03    0.766E-04    0.766E-04    0.220E-04    0.220E-04    0.627E-05    0.627E-05
    90.000     0.600    0.862E-01    0.157E-01    0.473E-02    0.128E-03    0.128E-03    0.618E-04    0.618E-04    0.176E-04    0.176E-04    0.512E-05    0.512E-05
    90.000     0.610    0.791E-01    0.138E-01    0.405E-02    0.103E-03    0.103E-03    0.496E-04    0.496E-04    0.140E-04    0.140E-04    0.416E-05    0.416E-05
    90.000     0.620    0.723E-01    0.121E-01    0.346E-02    0.820E-04    0.820E-04    0.394E-04    0.394E-04    0.111E-04    0.111E-04    0.336E-05    0.336E-05
    90.000     0.630    0.659E-01    0.106E-01    0.294E-02    0.651E-04    0.651E-04    0.312E-04    0.312E-04    0.868E-05    0.868E-05    0.270E-05    0.270E-05
    90.000     0.640    0.599E-01    0.923E-02    0.248E-02    0.512E-04    0.512E-04    0.245E-04    0.245E-04    0.673E-05    0.673E-05    0.215E-05    0.215E-05
    90.000     0.650    0.542E-01    0.802E-02    0.209E-02    0.400E-04    0.400E-04    0.191E-04    0.191E-04    0.517E-05    0.517E-05    0.171E-05    0.171E-05
    90.000     0.660    0.489E-01    0.694E-02    0.175E-02    0.311E-04    0.311E-04    0.148E-04    0.148E-04    0.393E-05    0.393E-05    0.135E-05    0.135E-05
    90.000     0.670    0.440E-01    0.599E-02    0.146E-02    0.239E-04    0.239E-04    0.113E-04    0.113E-04    0.295E-05    0.295E-05    0.105E-05    0.105E-05
    90.000     0.680    0.394E-01    0.515E-02    0.121E-02    0.182E-04    0.182E-04    0.861E-05    0.861E-05    0.219E-05    0.219E-05    0.820E-06    0.820E-06
    90.000     0.690    0.352E-01    0.441E-02    0.997E-03    0.138E-04    0.138E-04    0.647E-05    0.647E-05    0.160E-05    0.160E-05    0.632E-06    0.632E-06
    90.000     0.700    0.312E-01    0.376E-02    0.818E-03    0.103E-04    0.103E-04    0.482E-05    0.482E-05    0.115E-05    0.115E-05    0.483E-06    0.483E-06
    90.000     0.710    0.276E-01    0.320E-02    0.666E-03    0.761E-05    0.761E-05    0.353E-05    0.353E-05    0.811E-06    0.811E-06    0.366E-06    0.366E-06
    90.000     0.720    0.243E-01    0.271E-02    0.540E-03    0.558E-05    0.558E-05    0.257E-05    0.257E-05    0.562E-06    0.562E-06    0.275E-06    0.275E-06
    90.000     0.730    0.212E-01    0.228E-02    0.434E-03    0.402E-05    0.402E-05    0.183E-05    0.183E-05    0.375E-06    0.375E-06    0.204E-06    0.204E-06
    90.000     0.740    0.185E-01    0.191E-02    0.347E-03    0.287E-05    0.287E-05    0.129E-05    0.129E-05    0.244E-06    0.244E-06    0.150E-06    0.150E-06
    90.000     0.750    0.160E-01    0.160E-02    0.275E-03    0.201E-05    0.201E-05    0.895E-06    0.895E-06    0.151E-06    0.151E-06    0.108E-06    0.108E-06
    90.000     0.760    0.137E-01    0.133E-02    0.216E-03    0.138E-05    0.138E-05    0.607E-06    0.607E-06    0.881E-07    0.881E-07    0.774E-07    0.774E-07
    90.000     0.770    0.117E-01    0.110E-02    0.168E-03    0.941E-06    0.941E-06    0.405E-06    0.405E-06    0.468E-07    0.468E-07    0.546E-07    0.546E-07
    90.000     0.780    0.991E-02    0.906E-03    0.130E-03    0.621E-06    0.621E-06    0.260E-06    0.260E-06    0.194E-07    0.194E-07    0.377E-07    0.377E-07
    90.000     0.790    0.832E-02    0.741E-03    0.993E-04    0.407E-06    0.407E-06    0.166E-06    0.166E-06    0.504E-08    0.504E-08    0.258E-07    0.258E-07
    90.000     0.800    0.691E-02    0.602E-03    0.749E-04    0.254E-06    0.254E-06    0.990E-07    0.990E-07    0.000E+00    0.000E+00    0.170E-07    0.170E-07
    90.000     0.810    0.569E-02    0.486E-03    0.560E-04    0.157E-06    0.157E-06    0.580E-07    0.580E-07    0.000E+00    0.000E+00    0.111E-07    0.111E-07
    90.000     0.820    0.463E-02    0.388E-03    0.412E-04    0.919E-07    0.919E-07    0.313E-07    0.313E-07    0.000E+00    0.000E+00    0.692E-08    0.692E-08
    90.000     0.830    0.372E-02    0.308E-03    0.299E-04    0.516E-07    0.516E-07    0.155E-07    0.155E-07    0.000E+00    0.000E+00    0.418E-08    0.418E-08
    90.000     0.840    0.295E-02    0.241E-03    0.213E-04    0.280E-07    0.280E-07    0.678E-08    0.678E-08    0.000E+00    0.000E+00    0.243E-08    0.243E-08
    90.000     0.850    0.230E-02    0.186E-03    0.149E-04    0.132E-07    0.132E-07    0.172E-08    0.172E-08    0.000E+00    0.000E+00    0.129E-08    0.129E-08
    90.000     0.860    0.176E-02    0.142E-03    0.103E-04    0.632E-08    0.632E-08    0.000E+00    0.000E+00    0.000E+00    0.000E+00    0.670E-09    0.670E-09
    90.000     0.870    0.132E-02    0.106E-03    0.681E-05    0.185E-08    0.185E-08    0.000E+00    0.000E+00    0.000E+00    0.000E+00    0.265E-09    0.265E-09
    90.000     0.880    0.965E-03    0.779E-04    0.444E-05    0.339E-09    0.339E-09    0.000E+00    0.000E+00    0.000E+00    0.000E+00    0.869E-10    0.869E-10
    90.000     0.890    0.686E-03    0.556E-04    0.277E-05    0.000E+00    0.000E+00    0.000E+00    0.000E+00    0.000E+00    0.000E+00    0.527E-11    0.527E-11
    90.000     0.900    0.471E-03    0.385E-04    0.167E-05    0.000E+00    0.000E+00    0.000E+00    0.000E+00    0.000E+00    0.000E+00    0.000E+00    0.000E+00
    90.000     0.910    0.311E-03    0.256E-04    0.960E-06    0.000E+00    0.000E+00    0.000E+00    0.000E+00    0.000E+00    0.000E+00    0.000E+00    0.000E+00
    90.000     0.920    0.195E-03    0.162E-04    0.507E-06    0.000E+00    0.000E+00    0.000E+00    0.000E+00    0.000E+00    0.000E+00    0.000E+00    0.000E+00
    90.000     0.930    0.115E-03    0.971E-05    0.264E-06    0.000E+00    0.000E+00    0.000E+00    0.000E+00    0.000E+00    0.000E+00    0.611E-13    0.611E-13
    90.000     0.940    0.613E-04    0.527E-05    0.111E-06    0.000E+00    0.000E+00    0.000E+00    0.000E+00    0.000E+00    0.000E+00    0.106E-11    0.106E-11
    90.000     0.950    0.295E-04    0.257E-05    0.480E-07    0.000E+00    0.000E+00    0.000E+00    0.000E+00    0.000E+00    0.000E+00    0.195E-11    0.195E-11
    90.000     0.960    0.107E-04    0.961E-06    0.144E-07    0.000E+00    0.000E+00    0.000E+00    0.000E+00    0.000E+00    0.000E+00    0.164E-11    0.164E-11
    90.000     0.970    0.170E-05    0.162E-06    0.523E-09    0.000E+00    0.000E+00    0.000E+00    0.000E+00    0.000E+00    0.000E+00    0.641E-12    0.641E-12
    90.000     0.980    0.000E+00    0.000E+00    0.204E-08    0.000E+00    0.000E+00    0.000E+00    0.000E+00    0.000E+00    0.000E+00    0.000E+00    0.000E+00
    90.000     0.990    0.311E-06    0.000E+00    0.628E-08    0.000E+00    0.000E+00    0.000E+00    0.000E+00    0.000E+00    0.000E+00    0.000E+00    0.000E+00

