     Q**2          x         u           d           g          ub          db          sb          s          cb          c          bb          b
    90.000     0.010    0.573E+00    0.529E+00    0.674E+01    0.382E+00    0.402E+00    0.267E+00    0.267E+00    0.184E+00    0.184E+00    0.697E-01    0.697E-01
    90.000     0.020    0.544E+00    0.484E+00    0.440E+01    0.288E+00    0.305E+00    0.194E+00    0.194E+00    0.126E+00    0.126E+00    0.436E-01    0.436E-01
    90.000     0.030    0.540E+00    0.461E+00    0.328E+01    0.236E+00    0.251E+00    0.155E+00    0.155E+00    0.957E-01    0.957E-01    0.312E-01    0.312E-01
    90.000     0.040    0.547E+00    0.448E+00    0.270E+01    0.204E+00    0.218E+00    0.132E+00    0.132E+00    0.791E-01    0.791E-01    0.250E-01    0.250E-01
    90.000     0.050    0.554E+00    0.436E+00    0.226E+01    0.177E+00    0.193E+00    0.114E+00    0.114E+00    0.661E-01    0.661E-01    0.202E-01    0.202E-01
    90.000     0.060    0.560E+00    0.425E+00    0.194E+01    0.155E+00    0.173E+00    0.995E-01    0.995E-01    0.564E-01    0.564E-01    0.168E-01    0.168E-01
    90.000     0.070    0.566E+00    0.415E+00    0.169E+01    0.137E+00    0.157E+00    0.880E-01    0.880E-01    0.486E-01    0.486E-01    0.142E-01    0.142E-01
    90.000     0.080    0.571E+00    0.405E+00    0.148E+01    0.121E+00    0.143E+00    0.781E-01    0.781E-01    0.421E-01    0.421E-01    0.120E-01    0.120E-01
    90.000     0.090    0.574E+00    0.395E+00    0.130E+01    0.108E+00    0.131E+00    0.699E-01    0.699E-01    0.367E-01    0.367E-01    0.103E-01    0.103E-01
    90.000     0.100    0.578E+00    0.385E+00    0.115E+01    0.962E-01    0.121E+00    0.627E-01    0.627E-01    0.322E-01    0.322E-01    0.885E-02    0.885E-02
    90.000     0.110    0.580E+00    0.376E+00    0.103E+01    0.862E-01    0.111E+00    0.564E-01    0.564E-01    0.283E-01    0.283E-01    0.766E-02    0.766E-02
    90.000     0.120    0.581E+00    0.365E+00    0.918E+00    0.776E-01    0.102E+00    0.509E-01    0.509E-01    0.249E-01    0.249E-01    0.665E-02    0.665E-02
    90.000     0.130    0.581E+00    0.355E+00    0.822E+00    0.702E-01    0.939E-01    0.460E-01    0.460E-01    0.220E-01    0.220E-01    0.579E-02    0.579E-02
    90.000     0.140    0.580E+00    0.345E+00    0.738E+00    0.637E-01    0.863E-01    0.417E-01    0.417E-01    0.195E-01    0.195E-01    0.506E-02    0.506E-02
    90.000     0.150    0.578E+00    0.335E+00    0.663E+00    0.580E-01    0.793E-01    0.378E-01    0.378E-01    0.172E-01    0.172E-01    0.443E-02    0.443E-02
    90.000     0.160    0.575E+00    0.325E+00    0.597E+00    0.530E-01    0.727E-01    0.343E-01    0.343E-01    0.153E-01    0.153E-01    0.388E-02    0.388E-02
    90.000     0.170    0.572E+00    0.315E+00    0.538E+00    0.486E-01    0.667E-01    0.312E-01    0.312E-01    0.136E-01    0.136E-01    0.341E-02    0.341E-02
    90.000     0.180    0.567E+00    0.304E+00    0.485E+00    0.447E-01    0.610E-01    0.284E-01    0.284E-01    0.120E-01    0.120E-01    0.299E-02    0.299E-02
    90.000     0.190    0.561E+00    0.294E+00    0.437E+00    0.412E-01    0.558E-01    0.258E-01    0.258E-01    0.107E-01    0.107E-01    0.263E-02    0.263E-02
    90.000     0.200    0.555E+00    0.284E+00    0.394E+00    0.380E-01    0.510E-01    0.235E-01    0.235E-01    0.947E-02    0.947E-02    0.231E-02    0.231E-02
    90.000     0.210    0.547E+00    0.274E+00    0.356E+00    0.351E-01    0.466E-01    0.214E-01    0.214E-01    0.840E-02    0.840E-02    0.204E-02    0.204E-02
    90.000     0.220    0.539E+00    0.264E+00    0.321E+00    0.325E-01    0.425E-01    0.195E-01    0.195E-01    0.745E-02    0.745E-02    0.179E-02    0.179E-02
    90.000     0.230    0.530E+00    0.255E+00    0.289E+00    0.301E-01    0.387E-01    0.177E-01    0.177E-01    0.660E-02    0.660E-02    0.158E-02    0.158E-02
    90.000     0.240    0.521E+00    0.245E+00    0.261E+00    0.279E-01    0.353E-01    0.161E-01    0.161E-01    0.585E-02    0.585E-02    0.139E-02    0.139E-02
    90.000     0.250    0.511E+00    0.235E+00    0.235E+00    0.259E-01    0.321E-01    0.147E-01    0.147E-01    0.518E-02    0.518E-02    0.122E-02    0.122E-02
    90.000     0.260    0.500E+00    0.226E+00    0.212E+00    0.240E-01    0.292E-01    0.134E-01    0.134E-01    0.458E-02    0.458E-02    0.107E-02    0.107E-02
    90.000     0.270    0.489E+00    0.217E+00    0.191E+00    0.222E-01    0.266E-01    0.122E-01    0.122E-01    0.405E-02    0.405E-02    0.945E-03    0.945E-03
    90.000     0.280    0.477E+00    0.207E+00    0.172E+00    0.206E-01    0.241E-01    0.111E-01    0.111E-01    0.358E-02    0.358E-02    0.830E-03    0.830E-03
    90.000     0.290    0.465E+00    0.198E+00    0.155E+00    0.190E-01    0.219E-01    0.101E-01    0.101E-01    0.316E-02    0.316E-02    0.729E-03    0.729E-03
    90.000     0.300    0.453E+00    0.189E+00    0.139E+00    0.176E-01    0.199E-01    0.917E-02    0.917E-02    0.278E-02    0.278E-02    0.640E-03    0.640E-03
    90.000     0.310    0.440E+00    0.181E+00    0.125E+00    0.162E-01    0.181E-01    0.834E-02    0.834E-02    0.245E-02    0.245E-02    0.561E-03    0.561E-03
    90.000     0.320    0.427E+00    0.172E+00    0.112E+00    0.149E-01    0.165E-01    0.757E-02    0.757E-02    0.216E-02    0.216E-02    0.492E-03    0.492E-03
    90.000     0.330    0.414E+00    0.163E+00    0.101E+00    0.138E-01    0.149E-01    0.688E-02    0.688E-02    0.189E-02    0.189E-02    0.431E-03    0.431E-03
    90.000     0.340    0.401E+00    0.155E+00    0.902E-01    0.126E-01    0.136E-01    0.624E-02    0.624E-02    0.166E-02    0.166E-02    0.377E-03    0.377E-03
    90.000     0.350    0.387E+00    0.147E+00    0.807E-01    0.116E-01    0.123E-01    0.566E-02    0.566E-02    0.146E-02    0.146E-02    0.330E-03    0.330E-03
    90.000     0.360    0.374E+00    0.139E+00    0.722E-01    0.106E-01    0.112E-01    0.513E-02    0.513E-02    0.127E-02    0.127E-02    0.288E-03    0.288E-03
    90.000     0.370    0.360E+00    0.132E+00    0.645E-01    0.972E-02    0.101E-01    0.464E-02    0.464E-02    0.111E-02    0.111E-02    0.251E-03    0.251E-03
    90.000     0.380    0.347E+00    0.124E+00    0.576E-01    0.888E-02    0.919E-02    0.420E-02    0.420E-02    0.972E-03    0.972E-03    0.219E-03    0.219E-03
    90.000     0.390    0.333E+00    0.117E+00    0.513E-01    0.809E-02    0.832E-02    0.379E-02    0.379E-02    0.847E-03    0.847E-03    0.190E-03    0.190E-03
    90.000     0.400    0.320E+00    0.110E+00    0.457E-01    0.737E-02    0.753E-02    0.342E-02    0.342E-02    0.736E-03    0.736E-03    0.165E-03    0.165E-03
    90.000     0.410    0.307E+00    0.103E+00    0.407E-01    0.669E-02    0.681E-02    0.308E-02    0.308E-02    0.639E-03    0.639E-03    0.143E-03    0.143E-03
    90.000     0.420    0.294E+00    0.963E-01    0.361E-01    0.607E-02    0.616E-02    0.278E-02    0.278E-02    0.554E-03    0.554E-03    0.124E-03    0.124E-03
    90.000     0.430    0.281E+00    0.900E-01    0.320E-01    0.549E-02    0.556E-02    0.250E-02    0.250E-02    0.479E-03    0.479E-03    0.108E-03    0.108E-03
    90.000     0.440    0.268E+00    0.839E-01    0.284E-01    0.496E-02    0.501E-02    0.224E-02    0.224E-02    0.413E-03    0.413E-03    0.930E-04    0.930E-04
    90.000     0.450    0.255E+00    0.780E-01    0.251E-01    0.448E-02    0.451E-02    0.201E-02    0.201E-02    0.356E-03    0.356E-03    0.802E-04    0.802E-04
    90.000     0.460    0.243E+00    0.724E-01    0.222E-01    0.403E-02    0.405E-02    0.180E-02    0.180E-02    0.306E-03    0.306E-03    0.691E-04    0.691E-04
    90.000     0.470    0.231E+00    0.670E-01    0.196E-01    0.362E-02    0.363E-02    0.161E-02    0.161E-02    0.263E-03    0.263E-03    0.594E-04    0.594E-04
    90.000     0.480    0.219E+00    0.619E-01    0.172E-01    0.324E-02    0.325E-02    0.143E-02    0.143E-02    0.225E-03    0.225E-03    0.510E-04    0.510E-04
    90.000     0.490    0.207E+00    0.571E-01    0.151E-01    0.290E-02    0.291E-02    0.128E-02    0.128E-02    0.192E-03    0.192E-03    0.437E-04    0.437E-04
    90.000     0.500    0.196E+00    0.525E-01    0.133E-01    0.259E-02    0.259E-02    0.113E-02    0.113E-02    0.164E-03    0.164E-03    0.374E-04    0.374E-04
    90.000     0.510    0.185E+00    0.481E-01    0.116E-01    0.230E-02    0.231E-02    0.101E-02    0.101E-02    0.139E-03    0.139E-03    0.319E-04    0.319E-04
    90.000     0.520    0.174E+00    0.440E-01    0.102E-01    0.205E-02    0.205E-02    0.889E-03    0.889E-03    0.118E-03    0.118E-03    0.272E-04    0.272E-04
    90.000     0.530    0.164E+00    0.401E-01    0.889E-02    0.181E-02    0.181E-02    0.784E-03    0.784E-03    0.995E-04    0.995E-04    0.231E-04    0.231E-04
    90.000     0.540    0.153E+00    0.365E-01    0.775E-02    0.160E-02    0.160E-02    0.689E-03    0.689E-03    0.838E-04    0.838E-04    0.196E-04    0.196E-04
    90.000     0.550    0.144E+00    0.331E-01    0.673E-02    0.140E-02    0.141E-02    0.604E-03    0.604E-03    0.704E-04    0.704E-04    0.165E-04    0.165E-04
    90.000     0.560    0.134E+00    0.299E-01    0.584E-02    0.123E-02    0.123E-02    0.528E-03    0.528E-03    0.590E-04    0.590E-04    0.140E-04    0.140E-04
    90.000     0.570    0.125E+00    0.269E-01    0.506E-02    0.108E-02    0.108E-02    0.460E-03    0.460E-03    0.493E-04    0.493E-04    0.117E-04    0.117E-04
    90.000     0.580    0.117E+00    0.242E-01    0.437E-02    0.935E-03    0.935E-03    0.399E-03    0.399E-03    0.410E-04    0.410E-04    0.986E-05    0.986E-05
    90.000     0.590    0.108E+00    0.216E-01    0.376E-02    0.810E-03    0.810E-03    0.344E-03    0.344E-03    0.340E-04    0.340E-04    0.825E-05    0.825E-05
    90.000     0.600    0.100E+00    0.193E-01    0.323E-02    0.697E-03    0.697E-03    0.296E-03    0.296E-03    0.281E-04    0.281E-04    0.688E-05    0.688E-05
    90.000     0.610    0.927E-01    0.171E-01    0.277E-02    0.598E-03    0.598E-03    0.253E-03    0.253E-03    0.232E-04    0.232E-04    0.573E-05    0.573E-05
    90.000     0.620    0.854E-01    0.152E-01    0.237E-02    0.509E-03    0.509E-03    0.215E-03    0.215E-03    0.190E-04    0.190E-04    0.474E-05    0.474E-05
    90.000     0.630    0.785E-01    0.133E-01    0.202E-02    0.431E-03    0.431E-03    0.182E-03    0.182E-03    0.155E-04    0.155E-04    0.392E-05    0.392E-05
    90.000     0.640    0.720E-01    0.117E-01    0.172E-02    0.362E-03    0.362E-03    0.152E-03    0.152E-03    0.126E-04    0.126E-04    0.323E-05    0.323E-05
    90.000     0.650    0.658E-01    0.102E-01    0.145E-02    0.302E-03    0.302E-03    0.127E-03    0.127E-03    0.102E-04    0.102E-04    0.265E-05    0.265E-05
    90.000     0.660    0.599E-01    0.888E-02    0.123E-02    0.249E-03    0.249E-03    0.104E-03    0.104E-03    0.823E-05    0.823E-05    0.216E-05    0.216E-05
    90.000     0.670    0.544E-01    0.767E-02    0.103E-02    0.203E-03    0.203E-03    0.852E-04    0.852E-04    0.661E-05    0.661E-05    0.176E-05    0.176E-05
    90.000     0.680    0.492E-01    0.660E-02    0.865E-03    0.164E-03    0.164E-03    0.686E-04    0.686E-04    0.527E-05    0.527E-05    0.142E-05    0.142E-05
    90.000     0.690    0.443E-01    0.564E-02    0.721E-03    0.130E-03    0.130E-03    0.545E-04    0.545E-04    0.418E-05    0.418E-05    0.114E-05    0.114E-05
    90.000     0.700    0.398E-01    0.479E-02    0.599E-03    0.101E-03    0.101E-03    0.424E-04    0.424E-04    0.330E-05    0.330E-05    0.916E-06    0.916E-06
    90.000     0.710    0.356E-01    0.404E-02    0.495E-03    0.768E-04    0.768E-04    0.323E-04    0.323E-04    0.258E-05    0.258E-05    0.728E-06    0.728E-06
    90.000     0.720    0.317E-01    0.339E-02    0.407E-03    0.566E-04    0.566E-04    0.239E-04    0.239E-04    0.201E-05    0.201E-05    0.576E-06    0.576E-06
    90.000     0.730    0.280E-01    0.282E-02    0.333E-03    0.398E-04    0.398E-04    0.169E-04    0.169E-04    0.155E-05    0.155E-05    0.452E-06    0.452E-06
    90.000     0.740    0.247E-01    0.232E-02    0.271E-03    0.262E-04    0.262E-04    0.112E-04    0.112E-04    0.119E-05    0.119E-05    0.353E-06    0.353E-06
    90.000     0.750    0.217E-01    0.190E-02    0.219E-03    0.150E-04    0.150E-04    0.654E-05    0.654E-05    0.908E-06    0.908E-06    0.273E-06    0.273E-06
    90.000     0.760    0.189E-01    0.154E-02    0.175E-03    0.627E-05    0.627E-05    0.293E-05    0.293E-05    0.685E-06    0.685E-06    0.210E-06    0.210E-06
    90.000     0.770    0.163E-01    0.124E-02    0.140E-03    0.112E-05    0.112E-05    0.730E-06    0.730E-06    0.513E-06    0.513E-06    0.159E-06    0.159E-06
    90.000     0.780    0.140E-01    0.980E-03    0.110E-03    0.000E+00    0.000E+00    0.103E-07    0.103E-07    0.379E-06    0.379E-06    0.120E-06    0.120E-06
    90.000     0.790    0.120E-01    0.769E-03    0.863E-04    0.000E+00    0.000E+00    0.000E+00    0.000E+00    0.278E-06    0.278E-06    0.893E-07    0.893E-07
    90.000     0.800    0.101E-01    0.600E-03    0.668E-04    0.000E+00    0.000E+00    0.000E+00    0.000E+00    0.200E-06    0.200E-06    0.654E-07    0.654E-07
    90.000     0.810    0.849E-02    0.464E-03    0.511E-04    0.000E+00    0.000E+00    0.000E+00    0.000E+00    0.143E-06    0.143E-06    0.475E-07    0.475E-07
    90.000     0.820    0.704E-02    0.352E-03    0.386E-04    0.000E+00    0.000E+00    0.000E+00    0.000E+00    0.100E-06    0.100E-06    0.338E-07    0.338E-07
    90.000     0.830    0.578E-02    0.262E-03    0.288E-04    0.000E+00    0.000E+00    0.000E+00    0.000E+00    0.692E-07    0.692E-07    0.237E-07    0.237E-07
    90.000     0.840    0.468E-02    0.191E-03    0.211E-04    0.000E+00    0.000E+00    0.000E+00    0.000E+00    0.470E-07    0.470E-07    0.163E-07    0.163E-07
    90.000     0.850    0.373E-02    0.137E-03    0.152E-04    0.000E+00    0.000E+00    0.000E+00    0.000E+00    0.310E-07    0.310E-07    0.109E-07    0.109E-07
    90.000     0.860    0.293E-02    0.959E-04    0.107E-04    0.000E+00    0.000E+00    0.000E+00    0.000E+00    0.202E-07    0.202E-07    0.719E-08    0.719E-08
    90.000     0.870    0.226E-02    0.651E-04    0.736E-05    0.000E+00    0.000E+00    0.000E+00    0.000E+00    0.125E-07    0.125E-07    0.452E-08    0.452E-08
    90.000     0.880    0.170E-02    0.432E-04    0.493E-05    0.000E+00    0.000E+00    0.000E+00    0.000E+00    0.766E-08    0.766E-08    0.279E-08    0.279E-08
    90.000     0.890    0.125E-02    0.274E-04    0.318E-05    0.000E+00    0.000E+00    0.000E+00    0.000E+00    0.442E-08    0.442E-08    0.163E-08    0.163E-08
    90.000     0.900    0.893E-03    0.168E-04    0.197E-05    0.000E+00    0.000E+00    0.000E+00    0.000E+00    0.244E-08    0.244E-08    0.908E-09    0.908E-09
    90.000     0.910    0.614E-03    0.981E-05    0.117E-05    0.000E+00    0.000E+00    0.000E+00    0.000E+00    0.129E-08    0.129E-08    0.485E-09    0.485E-09
    90.000     0.920    0.403E-03    0.530E-05    0.641E-06    0.000E+00    0.000E+00    0.000E+00    0.000E+00    0.600E-09    0.600E-09    0.229E-09    0.229E-09
    90.000     0.930    0.250E-03    0.280E-05    0.339E-06    0.000E+00    0.000E+00    0.000E+00    0.000E+00    0.299E-09    0.299E-09    0.115E-09    0.115E-09
    90.000     0.940    0.143E-03    0.122E-05    0.150E-06    0.000E+00    0.000E+00    0.000E+00    0.000E+00    0.107E-09    0.107E-09    0.425E-10    0.425E-10
    90.000     0.950    0.736E-04    0.530E-06    0.633E-07    0.000E+00    0.000E+00    0.000E+00    0.000E+00    0.510E-10    0.510E-10    0.206E-10    0.206E-10
    90.000     0.960    0.297E-04    0.160E-06    0.181E-07    0.407E-08    0.407E-08    0.163E-08    0.163E-08    0.189E-10    0.189E-10    0.786E-11    0.786E-11
    90.000     0.970    0.586E-05    0.778E-08    0.503E-09    0.979E-08    0.979E-08    0.391E-08    0.391E-08    0.157E-11    0.157E-11    0.804E-12    0.804E-12
    90.000     0.980    0.000E+00    0.192E-07    0.264E-08    0.130E-07    0.130E-07    0.520E-08    0.520E-08    0.194E-11    0.194E-11    0.558E-12    0.558E-12
    90.000     0.990    0.000E+00    0.625E-07    0.816E-08    0.107E-07    0.107E-07    0.430E-08    0.430E-08    0.621E-11    0.621E-11    0.205E-11    0.205E-11

