     Q**2          x         u           d           g          ub          db          sb          s          cb          c          bb          b
    90.000     0.010    0.604E+00    0.541E+00    0.669E+01    0.401E+00    0.421E+00    0.302E+00    0.302E+00    0.229E+00    0.229E+00    0.769E-01    0.769E-01
    90.000     0.020    0.588E+00    0.502E+00    0.469E+01    0.301E+00    0.322E+00    0.216E+00    0.216E+00    0.152E+00    0.152E+00    0.476E-01    0.476E-01
    90.000     0.030    0.594E+00    0.485E+00    0.361E+01    0.245E+00    0.266E+00    0.168E+00    0.168E+00    0.110E+00    0.110E+00    0.331E-01    0.331E-01
    90.000     0.040    0.605E+00    0.475E+00    0.296E+01    0.210E+00    0.232E+00    0.140E+00    0.140E+00    0.859E-01    0.859E-01    0.254E-01    0.254E-01
    90.000     0.050    0.615E+00    0.465E+00    0.246E+01    0.182E+00    0.206E+00    0.118E+00    0.118E+00    0.679E-01    0.679E-01    0.198E-01    0.198E-01
    90.000     0.060    0.622E+00    0.455E+00    0.208E+01    0.159E+00    0.185E+00    0.102E+00    0.102E+00    0.550E-01    0.550E-01    0.159E-01    0.159E-01
    90.000     0.070    0.628E+00    0.445E+00    0.178E+01    0.139E+00    0.169E+00    0.887E-01    0.887E-01    0.451E-01    0.451E-01    0.129E-01    0.129E-01
    90.000     0.080    0.633E+00    0.435E+00    0.153E+01    0.123E+00    0.154E+00    0.778E-01    0.778E-01    0.373E-01    0.373E-01    0.106E-01    0.106E-01
    90.000     0.090    0.635E+00    0.424E+00    0.132E+01    0.108E+00    0.142E+00    0.687E-01    0.687E-01    0.312E-01    0.312E-01    0.885E-02    0.885E-02
    90.000     0.100    0.637E+00    0.413E+00    0.115E+01    0.960E-01    0.130E+00    0.610E-01    0.610E-01    0.263E-01    0.263E-01    0.743E-02    0.743E-02
    90.000     0.110    0.637E+00    0.401E+00    0.101E+01    0.855E-01    0.119E+00    0.544E-01    0.544E-01    0.223E-01    0.223E-01    0.629E-02    0.629E-02
    90.000     0.120    0.636E+00    0.390E+00    0.888E+00    0.765E-01    0.109E+00    0.486E-01    0.486E-01    0.191E-01    0.191E-01    0.536E-02    0.536E-02
    90.000     0.130    0.633E+00    0.378E+00    0.785E+00    0.688E-01    0.100E+00    0.436E-01    0.436E-01    0.164E-01    0.164E-01    0.460E-02    0.460E-02
    90.000     0.140    0.630E+00    0.367E+00    0.697E+00    0.620E-01    0.912E-01    0.392E-01    0.392E-01    0.142E-01    0.142E-01    0.396E-02    0.396E-02
    90.000     0.150    0.626E+00    0.355E+00    0.621E+00    0.562E-01    0.830E-01    0.352E-01    0.352E-01    0.123E-01    0.123E-01    0.344E-02    0.344E-02
    90.000     0.160    0.620E+00    0.344E+00    0.555E+00    0.510E-01    0.753E-01    0.317E-01    0.317E-01    0.108E-01    0.108E-01    0.299E-02    0.299E-02
    90.000     0.170    0.613E+00    0.333E+00    0.497E+00    0.464E-01    0.681E-01    0.286E-01    0.286E-01    0.942E-02    0.942E-02    0.261E-02    0.261E-02
    90.000     0.180    0.606E+00    0.321E+00    0.447E+00    0.423E-01    0.615E-01    0.257E-01    0.257E-01    0.828E-02    0.828E-02    0.228E-02    0.228E-02
    90.000     0.190    0.597E+00    0.310E+00    0.403E+00    0.386E-01    0.553E-01    0.232E-01    0.232E-01    0.730E-02    0.730E-02    0.201E-02    0.201E-02
    90.000     0.200    0.588E+00    0.300E+00    0.364E+00    0.353E-01    0.497E-01    0.209E-01    0.209E-01    0.645E-02    0.645E-02    0.177E-02    0.177E-02
    90.000     0.210    0.577E+00    0.289E+00    0.330E+00    0.323E-01    0.445E-01    0.188E-01    0.188E-01    0.571E-02    0.571E-02    0.156E-02    0.156E-02
    90.000     0.220    0.566E+00    0.278E+00    0.299E+00    0.295E-01    0.398E-01    0.169E-01    0.169E-01    0.506E-02    0.506E-02    0.138E-02    0.138E-02
    90.000     0.230    0.555E+00    0.268E+00    0.272E+00    0.269E-01    0.355E-01    0.152E-01    0.152E-01    0.450E-02    0.450E-02    0.122E-02    0.122E-02
    90.000     0.240    0.542E+00    0.257E+00    0.247E+00    0.246E-01    0.316E-01    0.136E-01    0.136E-01    0.400E-02    0.400E-02    0.108E-02    0.108E-02
    90.000     0.250    0.530E+00    0.247E+00    0.225E+00    0.224E-01    0.281E-01    0.122E-01    0.122E-01    0.356E-02    0.356E-02    0.954E-03    0.954E-03
    90.000     0.260    0.516E+00    0.236E+00    0.205E+00    0.203E-01    0.250E-01    0.110E-01    0.110E-01    0.317E-02    0.317E-02    0.845E-03    0.845E-03
    90.000     0.270    0.502E+00    0.226E+00    0.187E+00    0.185E-01    0.221E-01    0.981E-02    0.981E-02    0.282E-02    0.282E-02    0.749E-03    0.749E-03
    90.000     0.280    0.488E+00    0.216E+00    0.171E+00    0.167E-01    0.196E-01    0.876E-02    0.876E-02    0.251E-02    0.251E-02    0.664E-03    0.664E-03
    90.000     0.290    0.474E+00    0.206E+00    0.156E+00    0.151E-01    0.173E-01    0.782E-02    0.782E-02    0.223E-02    0.223E-02    0.588E-03    0.588E-03
    90.000     0.300    0.459E+00    0.197E+00    0.143E+00    0.136E-01    0.153E-01    0.696E-02    0.696E-02    0.198E-02    0.198E-02    0.520E-03    0.520E-03
    90.000     0.310    0.444E+00    0.187E+00    0.130E+00    0.122E-01    0.135E-01    0.619E-02    0.619E-02    0.176E-02    0.176E-02    0.460E-03    0.460E-03
    90.000     0.320    0.429E+00    0.177E+00    0.119E+00    0.109E-01    0.119E-01    0.549E-02    0.549E-02    0.156E-02    0.156E-02    0.407E-03    0.407E-03
    90.000     0.330    0.414E+00    0.168E+00    0.108E+00    0.972E-02    0.105E-01    0.487E-02    0.487E-02    0.139E-02    0.139E-02    0.359E-03    0.359E-03
    90.000     0.340    0.399E+00    0.159E+00    0.989E-01    0.864E-02    0.918E-02    0.430E-02    0.430E-02    0.123E-02    0.123E-02    0.317E-03    0.317E-03
    90.000     0.350    0.384E+00    0.150E+00    0.901E-01    0.766E-02    0.806E-02    0.379E-02    0.379E-02    0.108E-02    0.108E-02    0.279E-03    0.279E-03
    90.000     0.360    0.369E+00    0.141E+00    0.820E-01    0.678E-02    0.706E-02    0.334E-02    0.334E-02    0.955E-03    0.955E-03    0.245E-03    0.245E-03
    90.000     0.370    0.354E+00    0.133E+00    0.745E-01    0.597E-02    0.617E-02    0.293E-02    0.293E-02    0.841E-03    0.841E-03    0.215E-03    0.215E-03
    90.000     0.380    0.339E+00    0.124E+00    0.677E-01    0.525E-02    0.539E-02    0.257E-02    0.257E-02    0.738E-03    0.738E-03    0.189E-03    0.189E-03
    90.000     0.390    0.324E+00    0.116E+00    0.614E-01    0.460E-02    0.470E-02    0.225E-02    0.225E-02    0.647E-03    0.647E-03    0.165E-03    0.165E-03
    90.000     0.400    0.310E+00    0.108E+00    0.556E-01    0.402E-02    0.408E-02    0.196E-02    0.196E-02    0.565E-03    0.565E-03    0.144E-03    0.144E-03
    90.000     0.410    0.295E+00    0.101E+00    0.502E-01    0.350E-02    0.354E-02    0.170E-02    0.170E-02    0.493E-03    0.493E-03    0.125E-03    0.125E-03
    90.000     0.420    0.281E+00    0.938E-01    0.453E-01    0.304E-02    0.307E-02    0.148E-02    0.148E-02    0.428E-03    0.428E-03    0.109E-03    0.109E-03
    90.000     0.430    0.268E+00    0.869E-01    0.408E-01    0.263E-02    0.265E-02    0.128E-02    0.128E-02    0.371E-03    0.371E-03    0.944E-04    0.944E-04
    90.000     0.440    0.254E+00    0.803E-01    0.367E-01    0.227E-02    0.228E-02    0.110E-02    0.110E-02    0.321E-03    0.321E-03    0.817E-04    0.817E-04
    90.000     0.450    0.241E+00    0.740E-01    0.330E-01    0.195E-02    0.196E-02    0.947E-03    0.947E-03    0.277E-03    0.277E-03    0.705E-04    0.705E-04
    90.000     0.460    0.228E+00    0.681E-01    0.295E-01    0.167E-02    0.168E-02    0.812E-03    0.812E-03    0.238E-03    0.238E-03    0.606E-04    0.606E-04
    90.000     0.470    0.215E+00    0.624E-01    0.264E-01    0.143E-02    0.143E-02    0.694E-03    0.694E-03    0.203E-03    0.203E-03    0.520E-04    0.520E-04
    90.000     0.480    0.203E+00    0.571E-01    0.235E-01    0.122E-02    0.122E-02    0.591E-03    0.591E-03    0.173E-03    0.173E-03    0.445E-04    0.445E-04
    90.000     0.490    0.191E+00    0.521E-01    0.209E-01    0.103E-02    0.103E-02    0.501E-03    0.501E-03    0.147E-03    0.147E-03    0.379E-04    0.379E-04
    90.000     0.500    0.180E+00    0.474E-01    0.185E-01    0.872E-03    0.873E-03    0.424E-03    0.424E-03    0.125E-03    0.125E-03    0.322E-04    0.322E-04
    90.000     0.510    0.169E+00    0.430E-01    0.164E-01    0.734E-03    0.735E-03    0.357E-03    0.357E-03    0.105E-03    0.105E-03    0.273E-04    0.273E-04
    90.000     0.520    0.158E+00    0.389E-01    0.145E-01    0.616E-03    0.616E-03    0.299E-03    0.299E-03    0.880E-04    0.880E-04    0.231E-04    0.231E-04
    90.000     0.530    0.147E+00    0.350E-01    0.127E-01    0.514E-03    0.515E-03    0.250E-03    0.250E-03    0.734E-04    0.734E-04    0.194E-04    0.194E-04
    90.000     0.540    0.137E+00    0.315E-01    0.112E-01    0.428E-03    0.428E-03    0.208E-03    0.208E-03    0.610E-04    0.610E-04    0.162E-04    0.162E-04
    90.000     0.550    0.128E+00    0.283E-01    0.977E-02    0.354E-03    0.354E-03    0.172E-03    0.172E-03    0.504E-04    0.504E-04    0.136E-04    0.136E-04
    90.000     0.560    0.119E+00    0.253E-01    0.852E-02    0.292E-03    0.292E-03    0.142E-03    0.142E-03    0.414E-04    0.414E-04    0.113E-04    0.113E-04
    90.000     0.570    0.110E+00    0.225E-01    0.740E-02    0.240E-03    0.240E-03    0.116E-03    0.116E-03    0.338E-04    0.338E-04    0.933E-05    0.933E-05
    90.000     0.580    0.102E+00    0.200E-01    0.641E-02    0.196E-03    0.196E-03    0.948E-04    0.948E-04    0.275E-04    0.275E-04    0.769E-05    0.769E-05
    90.000     0.590    0.937E-01    0.177E-01    0.553E-02    0.159E-03    0.159E-03    0.769E-04    0.769E-04    0.222E-04    0.222E-04    0.631E-05    0.631E-05
    90.000     0.600    0.861E-01    0.156E-01    0.475E-02    0.128E-03    0.128E-03    0.620E-04    0.620E-04    0.178E-04    0.178E-04    0.514E-05    0.514E-05
    90.000     0.610    0.790E-01    0.137E-01    0.407E-02    0.103E-03    0.103E-03    0.497E-04    0.497E-04    0.142E-04    0.142E-04    0.418E-05    0.418E-05
    90.000     0.620    0.722E-01    0.120E-01    0.347E-02    0.822E-04    0.822E-04    0.396E-04    0.396E-04    0.112E-04    0.112E-04    0.337E-05    0.337E-05
    90.000     0.630    0.658E-01    0.105E-01    0.295E-02    0.652E-04    0.652E-04    0.313E-04    0.313E-04    0.876E-05    0.876E-05    0.271E-05    0.271E-05
    90.000     0.640    0.598E-01    0.915E-02    0.249E-02    0.513E-04    0.513E-04    0.246E-04    0.246E-04    0.679E-05    0.679E-05    0.216E-05    0.216E-05
    90.000     0.650    0.541E-01    0.793E-02    0.210E-02    0.401E-04    0.401E-04    0.192E-04    0.192E-04    0.522E-05    0.522E-05    0.172E-05    0.172E-05
    90.000     0.660    0.489E-01    0.685E-02    0.176E-02    0.311E-04    0.311E-04    0.148E-04    0.148E-04    0.397E-05    0.397E-05    0.135E-05    0.135E-05
    90.000     0.670    0.439E-01    0.590E-02    0.146E-02    0.239E-04    0.239E-04    0.114E-04    0.114E-04    0.298E-05    0.298E-05    0.106E-05    0.106E-05
    90.000     0.680    0.394E-01    0.506E-02    0.121E-02    0.183E-04    0.183E-04    0.863E-05    0.863E-05    0.221E-05    0.221E-05    0.824E-06    0.824E-06
    90.000     0.690    0.351E-01    0.432E-02    0.100E-02    0.138E-04    0.138E-04    0.648E-05    0.648E-05    0.161E-05    0.161E-05    0.634E-06    0.634E-06
    90.000     0.700    0.312E-01    0.368E-02    0.821E-03    0.103E-04    0.103E-04    0.483E-05    0.483E-05    0.116E-05    0.116E-05    0.485E-06    0.485E-06
    90.000     0.710    0.276E-01    0.312E-02    0.669E-03    0.762E-05    0.762E-05    0.354E-05    0.354E-05    0.817E-06    0.817E-06    0.367E-06    0.367E-06
    90.000     0.720    0.242E-01    0.263E-02    0.542E-03    0.558E-05    0.558E-05    0.257E-05    0.257E-05    0.565E-06    0.565E-06    0.276E-06    0.276E-06
    90.000     0.730    0.212E-01    0.221E-02    0.435E-03    0.402E-05    0.402E-05    0.183E-05    0.183E-05    0.377E-06    0.377E-06    0.204E-06    0.204E-06
    90.000     0.740    0.185E-01    0.185E-02    0.348E-03    0.287E-05    0.287E-05    0.129E-05    0.129E-05    0.245E-06    0.245E-06    0.150E-06    0.150E-06
    90.000     0.750    0.160E-01    0.154E-02    0.275E-03    0.201E-05    0.201E-05    0.894E-06    0.894E-06    0.152E-06    0.152E-06    0.109E-06    0.109E-06
    90.000     0.760    0.137E-01    0.128E-02    0.216E-03    0.138E-05    0.138E-05    0.606E-06    0.606E-06    0.877E-07    0.877E-07    0.775E-07    0.775E-07
    90.000     0.770    0.117E-01    0.105E-02    0.169E-03    0.940E-06    0.940E-06    0.404E-06    0.404E-06    0.462E-07    0.462E-07    0.547E-07    0.547E-07
    90.000     0.780    0.990E-02    0.864E-03    0.130E-03    0.620E-06    0.620E-06    0.259E-06    0.259E-06    0.187E-07    0.187E-07    0.377E-07    0.377E-07
    90.000     0.790    0.830E-02    0.704E-03    0.994E-04    0.406E-06    0.406E-06    0.165E-06    0.165E-06    0.443E-08    0.443E-08    0.258E-07    0.258E-07
    90.000     0.800    0.690E-02    0.570E-03    0.749E-04    0.253E-06    0.253E-06    0.983E-07    0.983E-07    0.000E+00    0.000E+00    0.170E-07    0.170E-07
    90.000     0.810    0.568E-02    0.458E-03    0.560E-04    0.156E-06    0.156E-06    0.574E-07    0.574E-07    0.000E+00    0.000E+00    0.110E-07    0.110E-07
    90.000     0.820    0.462E-02    0.365E-03    0.411E-04    0.914E-07    0.914E-07    0.308E-07    0.308E-07    0.000E+00    0.000E+00    0.689E-08    0.689E-08
    90.000     0.830    0.371E-02    0.288E-03    0.298E-04    0.512E-07    0.512E-07    0.151E-07    0.151E-07    0.000E+00    0.000E+00    0.416E-08    0.416E-08
    90.000     0.840    0.294E-02    0.225E-03    0.213E-04    0.277E-07    0.277E-07    0.657E-08    0.657E-08    0.000E+00    0.000E+00    0.242E-08    0.242E-08
    90.000     0.850    0.229E-02    0.173E-03    0.149E-04    0.130E-07    0.130E-07    0.161E-08    0.161E-08    0.000E+00    0.000E+00    0.128E-08    0.128E-08
    90.000     0.860    0.176E-02    0.132E-03    0.102E-04    0.620E-08    0.620E-08    0.000E+00    0.000E+00    0.000E+00    0.000E+00    0.663E-09    0.663E-09
    90.000     0.870    0.132E-02    0.983E-04    0.678E-05    0.178E-08    0.178E-08    0.000E+00    0.000E+00    0.000E+00    0.000E+00    0.262E-09    0.262E-09
    90.000     0.880    0.963E-03    0.719E-04    0.442E-05    0.302E-09    0.302E-09    0.000E+00    0.000E+00    0.000E+00    0.000E+00    0.850E-10    0.850E-10
    90.000     0.890    0.685E-03    0.512E-04    0.276E-05    0.000E+00    0.000E+00    0.000E+00    0.000E+00    0.000E+00    0.000E+00    0.457E-11    0.457E-11
    90.000     0.900    0.471E-03    0.354E-04    0.166E-05    0.000E+00    0.000E+00    0.000E+00    0.000E+00    0.000E+00    0.000E+00    0.000E+00    0.000E+00
    90.000     0.910    0.311E-03    0.235E-04    0.953E-06    0.000E+00    0.000E+00    0.000E+00    0.000E+00    0.000E+00    0.000E+00    0.000E+00    0.000E+00
    90.000     0.920    0.194E-03    0.149E-04    0.503E-06    0.000E+00    0.000E+00    0.000E+00    0.000E+00    0.000E+00    0.000E+00    0.000E+00    0.000E+00
    90.000     0.930    0.115E-03    0.890E-05    0.262E-06    0.000E+00    0.000E+00    0.000E+00    0.000E+00    0.000E+00    0.000E+00    0.614E-13    0.614E-13
    90.000     0.940    0.612E-04    0.483E-05    0.110E-06    0.000E+00    0.000E+00    0.000E+00    0.000E+00    0.000E+00    0.000E+00    0.107E-11    0.107E-11
    90.000     0.950    0.294E-04    0.236E-05    0.476E-07    0.000E+00    0.000E+00    0.000E+00    0.000E+00    0.000E+00    0.000E+00    0.196E-11    0.196E-11
    90.000     0.960    0.107E-04    0.880E-06    0.143E-07    0.000E+00    0.000E+00    0.000E+00    0.000E+00    0.000E+00    0.000E+00    0.165E-11    0.165E-11
    90.000     0.970    0.170E-05    0.148E-06    0.525E-09    0.000E+00    0.000E+00    0.000E+00    0.000E+00    0.000E+00    0.000E+00    0.644E-12    0.644E-12
    90.000     0.980    0.000E+00    0.000E+00    0.203E-08    0.000E+00    0.000E+00    0.000E+00    0.000E+00    0.000E+00    0.000E+00    0.000E+00    0.000E+00
    90.000     0.990    0.311E-06    0.000E+00    0.622E-08    0.000E+00    0.000E+00    0.000E+00    0.000E+00    0.000E+00    0.000E+00    0.000E+00    0.000E+00

