1.080000 4.32624407e-12
1.082636 6.22857923e-12
1.085272 8.14543945e-12
1.087908 1.00767538e-11
1.090544 1.20107440e-11
1.093181 1.39138090e-11
1.095817 1.58306715e-11
1.098453 1.77612517e-11
1.101089 1.97858583e-11
1.103725 2.19392654e-11
1.106361 2.41075587e-11
1.108997 2.62906392e-11
1.111633 2.86958144e-11
1.114269 3.12448583e-11
1.116905 3.38107474e-11
1.119542 3.63933557e-11
1.122178 3.94001677e-11
1.124814 4.25123583e-11
1.127450 4.56442517e-11
1.130086 4.88185351e-11
1.132722 5.26925338e-11
1.135358 5.65904225e-11
1.137994 6.05119897e-11
1.140630 6.46904599e-11
1.143266 6.96388664e-11
1.145903 7.46165935e-11
1.148539 7.96233584e-11
1.151175 8.52440938e-11
1.153811 9.16271909e-11
1.156447 9.80466130e-11
1.159083 1.04501981e-10
1.161719 1.11778793e-10
1.164355 1.19515918e-10
1.166991 1.27979148e-10
1.169628 1.36710063e-10
1.172264 1.46282320e-10
1.174900 1.56036175e-10
1.177536 1.66696591e-10
1.180172 1.77494387e-10
1.182808 1.89045879e-10
1.185444 1.86180830e-10
1.188080 1.12433340e-10
1.190716 6.29139454e-11
1.193352 7.62586642e-11
1.195989 8.92875626e-11
1.198625 1.01754896e-10
1.201261 1.13326075e-10
1.203897 1.23915924e-10
1.206533 1.34114293e-10
1.209169 1.44030738e-10
1.211805 1.52775069e-10
1.214441 1.68086304e-10
1.217077 1.76657627e-10
1.219713 1.90290243e-10
1.222350 1.93368207e-10
1.224986 1.94999372e-10
1.227622 2.05538895e-10
1.230258 2.16788400e-10
1.232894 2.25004812e-10
1.235530 2.35044121e-10
1.238166 2.52590533e-10
1.240802 2.71042477e-10
1.243438 2.91822535e-10
1.246074 3.12332730e-10
1.248711 3.32575016e-10
1.251347 3.62609797e-10
1.253983 4.01860542e-10
1.256619 4.40651418e-10
1.259255 4.78986008e-10
1.261891 5.38865157e-10
1.264527 6.06702763e-10
1.267163 6.73796614e-10
1.269799 7.40152832e-10
1.272436 8.41830296e-10
1.275072 9.45384657e-10
1.277708 1.04784169e-09
1.280344 1.15745198e-09
1.282980 1.32057054e-09
1.285616 1.48199771e-09
1.288252 1.64174851e-09
1.290888 1.82649489e-09
1.293524 2.06152258e-09
1.296160 2.29413747e-09
1.298797 2.52436183e-09
1.301433 2.80346620e-09
1.304069 3.12254835e-09
1.306705 3.43837519e-09
1.309341 3.75097786e-09
1.311977 4.15125253e-09
1.314613 4.57759765e-09
1.317249 4.99961576e-09
1.319885 5.41734953e-09
1.322521 5.96971734e-09
1.325158 6.52278708e-09
1.327794 7.07027129e-09
1.330430 7.64027679e-09
1.333066 8.34780866e-09
1.335702 9.04822991e-09
1.338338 9.74161366e-09
1.340974 1.04944828e-08
1.343610 1.13525999e-08
1.346246 1.22021360e-08
1.348883 1.30431812e-08
1.351519 1.39768268e-08
1.354155 1.49751245e-08
1.356791 1.59634920e-08
1.359427 1.69420357e-08
1.362063 1.80224579e-08
1.364699 1.91230228e-08
1.367335 2.02126979e-08
1.369971 2.12916022e-08
1.372607 2.24472853e-08
1.375244 2.35925346e-08
1.377880 2.47265104e-08
1.380516 2.58502636e-08
1.383152 2.69667636e-08
1.385788 2.80723063e-08
1.388424 2.91670152e-08
1.391060 3.02223188e-08
1.393696 3.12248479e-08
1.396332 3.22175702e-08
1.398968 3.32005984e-08
1.401605 3.41017155e-08
1.404241 3.49477595e-08
1.406877 3.57855450e-08
1.409513 3.66151690e-08
1.412149 3.73379483e-08
1.414785 3.80313937e-08
1.417421 3.87180826e-08
1.420057 3.93963204e-08
1.422693 3.99884295e-08
1.425330 4.05747822e-08
1.427966 4.11554493e-08
1.430602 4.17264846e-08
1.433238 4.22785036e-08
1.435874 4.28252202e-08
1.438510 4.33667006e-08
1.441146 4.39311605e-08
1.443782 4.45267070e-08
1.446418 4.51166552e-08
1.449054 4.57010747e-08
1.451691 4.63908325e-08
1.454327 4.71359325e-08
1.456963 4.78742149e-08
1.459599 4.86057633e-08
1.462235 4.95951787e-08
1.464871 5.06230055e-08
1.467507 5.16416703e-08
1.470143 5.26700965e-08
1.472779 5.40153748e-08
1.475415 5.53488941e-08
1.478052 5.66707945e-08
1.480688 5.97831119e-08
1.483324 6.79520683e-08
1.485960 7.60510095e-08
1.488596 8.40807373e-08
1.491232 9.16576141e-08
1.493868 9.87337557e-08
1.496504 1.05749757e-07
1.499140 1.12706313e-07
1.501777 1.17942879e-07
1.504413 1.22334801e-07
1.507049 1.26689730e-07
1.509685 1.31008103e-07
1.512321 1.33992168e-07
1.514957 1.36775633e-07
1.517593 1.39535808e-07
1.520229 1.42159172e-07
1.522865 1.43570643e-07
1.525501 1.44970227e-07
1.528138 1.46358077e-07
1.530774 1.47478442e-07
1.533410 1.47975842e-07
1.536046 1.48468901e-07
1.538682 1.48957690e-07
1.541318 1.49203308e-07
1.543954 1.49208670e-07
1.546590 1.49213721e-07
1.549226 1.49218482e-07
1.551862 1.49052655e-07
1.554499 1.48817454e-07
1.557135 1.48583907e-07
1.559771 1.48352014e-07
1.562407 1.48011852e-07
1.565043 1.47663777e-07
1.567679 1.47318289e-07
1.570315 1.46966730e-07
1.572951 1.46554395e-07
1.575587 1.46145176e-07
1.578223 1.45739057e-07
1.580860 1.45323818e-07
1.583496 1.44886626e-07
1.586132 1.44452779e-07
1.588768 1.44022255e-07
1.591404 1.43605438e-07
1.594040 1.43200941e-07
1.596676 1.42799585e-07
1.599312 1.42401349e-07
1.601948 1.42091131e-07
1.604585 1.41813261e-07
1.607221 1.41537652e-07
1.609857 1.41264294e-07
1.612493 1.41640089e-07
1.615129 1.42050559e-07
1.617765 1.42458437e-07
1.620401 1.42929644e-07
1.623037 1.43763619e-07
1.625673 1.44592128e-07
1.628309 1.45415249e-07
1.630946 1.46355210e-07
1.633582 1.47506725e-07
1.636218 1.48650750e-07
1.638854 1.49787389e-07
1.641490 1.51049863e-07
1.644126 1.52406293e-07
1.646762 1.53754044e-07
1.649398 1.55093235e-07
1.652034 1.56506338e-07
1.654670 1.57934826e-07
1.657307 1.59354376e-07
1.659943 1.60765113e-07
1.662579 1.62144592e-07
1.665215 1.63515125e-07
1.667851 1.64877333e-07
1.670487 1.66195534e-07
1.673123 1.67348447e-07
1.675759 1.68494608e-07
1.678395 1.69634115e-07
1.681032 1.71175421e-07
1.683668 1.73340806e-07
1.686304 1.75493159e-07
1.688940 1.77632654e-07
1.691576 1.80238540e-07
1.694212 1.83150240e-07
1.696848 1.86044689e-07
1.699484 1.88922112e-07
1.702120 1.91120680e-07
1.704756 1.93146193e-07
1.707393 1.95160350e-07
1.710029 1.97159721e-07
1.712665 1.98822613e-07
1.715301 2.00476594e-07
1.717937 2.02121794e-07
1.720573 2.03681970e-07
1.723209 2.04959944e-07
1.725845 2.06231583e-07
1.728481 2.07496990e-07
1.731117 2.08616464e-07
1.733754 2.09541283e-07
1.736390 2.10462067e-07
1.739026 2.11378892e-07
1.741662 2.12106626e-07
1.744298 2.12723346e-07
1.746934 2.13337986e-07
1.749570 2.13950601e-07
1.752206 2.14349778e-07
1.754842 2.14707136e-07
1.757479 2.15064022e-07
1.760115 2.15411337e-07
1.762751 2.15557900e-07
1.765387 2.15705241e-07
1.768023 2.15853383e-07
1.770659 2.15960856e-07
1.773295 2.15945262e-07
1.775931 2.15931415e-07
1.778567 2.15919326e-07
1.781203 2.15857147e-07
1.783840 2.15735448e-07
1.786476 2.15616127e-07
1.789112 2.15499188e-07
1.791748 2.15354213e-07
1.794384 2.15196363e-07
1.797020 2.15041137e-07
1.799656 2.14888536e-07
1.802292 2.14760991e-07
1.804928 2.14639317e-07
1.807564 2.14520142e-07
1.810201 2.14410980e-07
1.812837 2.14395255e-07
1.815473 2.14381558e-07
1.818109 2.14369896e-07
1.820745 2.14403106e-07
1.823381 2.14546618e-07
1.826017 2.14691474e-07
1.828653 2.14837693e-07
1.831289 2.15077077e-07
1.833926 2.15413071e-07
1.836562 2.15749617e-07
1.839198 2.16086746e-07
1.841834 2.16561968e-07
1.844470 2.17097219e-07
1.847106 2.17632254e-07
1.849742 2.18167116e-07
1.852378 2.18866957e-07
1.855014 2.19583841e-07
1.857650 2.20299878e-07
1.860287 2.21031346e-07
1.862923 2.21894761e-07
1.865559 2.22756846e-07
1.868195 2.23617663e-07
1.870831 2.24509562e-07
1.873467 2.25470176e-07
1.876103 2.26429278e-07
1.878739 2.27386934e-07
1.881375 2.28370007e-07
1.884011 2.29376171e-07
1.886648 2.30380881e-07
1.889284 2.31384206e-07
1.891920 2.32389600e-07
1.894556 2.33394993e-07
1.897192 2.34399189e-07
1.899828 2.35402256e-07
1.902464 2.36371229e-07
1.905100 2.37337037e-07
1.907736 2.38302053e-07
1.910372 2.39257541e-07
1.913009 2.40159001e-07
1.915645 2.41060097e-07
1.918281 2.41960892e-07
1.920917 2.42835881e-07
1.923553 2.43662933e-07
1.926189 2.44490131e-07
1.928825 2.45317532e-07
1.931461 2.46103680e-07
1.934097 2.46856975e-07
1.936734 2.47610902e-07
1.939370 2.48365513e-07
1.942006 2.49073892e-07
1.944642 2.49768482e-07
1.947278 2.50464118e-07
1.949914 2.51160850e-07
1.952550 2.51819328e-07
1.955186 2.52477801e-07
1.957822 2.53137645e-07
1.960458 2.53794997e-07
1.963095 2.54435279e-07
1.965731 2.55077143e-07
1.968367 2.55720634e-07
1.971003 2.56367380e-07
1.973639 2.57018413e-07
1.976275 2.57671199e-07
1.978911 2.58325782e-07
1.981547 2.58997211e-07
1.984183 2.59681030e-07
1.986819 2.60366713e-07
1.989456 2.61054308e-07
1.992092 2.61781228e-07
1.994728 2.62519765e-07
1.997364 2.63260231e-07
2.000000 2.64002678e-07
