1.080000 1.45651738e-10
1.082636 2.09571767e-10
1.085272 2.73916567e-10
1.087908 3.38682948e-10
1.090544 4.03468397e-10
1.093181 4.67127217e-10
1.095817 5.31184905e-10
1.098453 5.95638025e-10
1.101089 6.63164693e-10
1.103725 7.34919508e-10
1.106361 8.07099840e-10
1.108997 8.79701560e-10
1.111633 9.59634648e-10
1.114269 1.04428141e-09
1.116905 1.12940432e-09
1.119542 1.21499823e-09
1.122178 1.31462359e-09
1.124814 1.41765353e-09
1.127450 1.52123416e-09
1.130086 1.62611835e-09
1.132722 1.75413762e-09
1.135358 1.88281959e-09
1.137994 2.01215593e-09
1.140630 2.14987987e-09
1.143266 2.31298359e-09
1.145903 2.47689154e-09
1.148539 2.64159271e-09
1.151175 2.82644102e-09
1.153811 3.03631293e-09
1.156447 3.24716946e-09
1.159083 3.45899607e-09
1.161719 3.69772386e-09
1.164355 3.95139431e-09
1.166991 4.22874145e-09
1.169628 4.51462244e-09
1.172264 4.82790992e-09
1.174900 5.14684915e-09
1.177536 5.49525881e-09
1.180172 5.84781959e-09
1.182808 6.22474057e-09
1.185444 6.53491247e-09
1.188080 6.51251271e-09
1.190716 6.61027270e-09
1.193352 7.01650307e-09
1.195989 7.41722490e-09
1.198625 7.80774224e-09
1.201261 8.17995632e-09
1.203897 8.53197567e-09
1.206533 8.85449935e-09
1.209169 9.15587516e-09
1.211805 9.42140555e-09
1.214441 9.67985253e-09
1.217077 9.87071076e-09
1.219713 1.00496849e-08
1.222350 1.01283435e-08
1.224986 1.01945909e-08
1.227622 1.02508472e-08
1.230258 1.02972897e-08
1.232894 1.02911033e-08
1.235530 1.02867910e-08
1.238166 1.02926063e-08
1.240802 1.02958112e-08
1.243438 1.02950903e-08
1.246074 1.02923328e-08
1.248711 1.02875595e-08
1.251347 1.03303095e-08
1.253983 1.04176863e-08
1.256619 1.05020456e-08
1.259255 1.05834182e-08
1.261891 1.07835845e-08
1.264527 1.10274441e-08
1.267163 1.12668569e-08
1.269799 1.15018674e-08
1.272436 1.19332259e-08
1.275072 1.23748936e-08
1.277708 1.28103279e-08
1.280344 1.32828189e-08
1.282980 1.40355229e-08
1.285616 1.47789065e-08
1.288252 1.55130628e-08
1.290888 1.63740356e-08
1.293524 1.74907041e-08
1.296160 1.85942990e-08
1.298797 1.96849542e-08
1.301433 2.10185247e-08
1.304069 2.25503965e-08
1.306705 2.40648058e-08
1.309341 2.55619359e-08
1.311977 2.74848087e-08
1.314613 2.95327968e-08
1.317249 3.15577329e-08
1.319885 3.35598654e-08
1.322521 3.62049664e-08
1.325158 3.88505528e-08
1.327794 4.14665345e-08
1.330430 4.41855719e-08
1.333066 4.75497298e-08
1.335702 5.08763242e-08
1.338338 5.41657766e-08
1.340974 5.77273091e-08
1.343610 6.17729144e-08
1.346246 6.57733643e-08
1.348883 6.97291773e-08
1.351519 7.41022097e-08
1.354155 7.87639834e-08
1.356791 8.33737036e-08
1.359427 8.79319811e-08
1.362063 9.29371224e-08
1.364699 9.80237707e-08
1.367335 1.03053561e-07
1.369971 1.08027174e-07
1.372607 1.13316409e-07
1.375244 1.18550424e-07
1.377880 1.23725838e-07
1.380516 1.28841179e-07
1.383152 1.33890191e-07
1.385788 1.38882466e-07
1.388424 1.43818709e-07
1.391060 1.48558221e-07
1.393696 1.53035368e-07
1.396332 1.57462041e-07
1.398968 1.61838885e-07
1.401605 1.65831172e-07
1.404241 1.69563973e-07
1.406877 1.73254583e-07
1.409513 1.76903553e-07
1.412149 1.80070147e-07
1.414785 1.83101485e-07
1.417421 1.86098605e-07
1.420057 1.89054492e-07
1.422693 1.91642763e-07
1.425330 1.94202097e-07
1.427966 1.96732890e-07
1.430602 1.99227114e-07
1.433238 2.01665654e-07
1.435874 2.04077712e-07
1.438510 2.06463655e-07
1.441146 2.08976036e-07
1.443782 2.11658793e-07
1.446418 2.14313651e-07
1.449054 2.16940997e-07
1.451691 2.20090442e-07
1.454327 2.23513976e-07
1.456963 2.26903472e-07
1.459599 2.30259392e-07
1.462235 2.34862811e-07
1.464871 2.39650656e-07
1.467507 2.44392629e-07
1.470143 2.49183744e-07
1.472779 2.55564904e-07
1.475415 2.61887058e-07
1.478052 2.68150979e-07
1.480688 2.82440358e-07
1.483324 3.19385647e-07
1.485960 3.55978042e-07
1.488596 3.92222061e-07
1.491232 4.26114024e-07
1.493868 4.57403822e-07
1.496504 4.88393185e-07
1.499140 5.19086051e-07
1.501777 5.42061057e-07
1.504413 5.61241147e-07
1.507049 5.80238716e-07
1.509685 5.99056234e-07
1.512321 6.11782546e-07
1.514957 6.23587746e-07
1.517593 6.35280204e-07
1.520229 6.46345574e-07
1.522865 6.51912860e-07
1.525501 6.57424873e-07
1.528138 6.62882492e-07
1.530774 6.67140329e-07
1.533410 6.68608483e-07
1.536046 6.70059251e-07
1.538682 6.71493028e-07
1.541318 6.71863877e-07
1.543954 6.71186207e-07
1.546590 6.70511196e-07
1.549226 6.69838977e-07
1.551862 6.68455783e-07
1.554499 6.66786989e-07
1.557135 6.65130509e-07
1.559771 6.63486346e-07
1.562407 6.61431051e-07
1.565043 6.59352081e-07
1.567679 6.57289903e-07
1.570315 6.55215336e-07
1.572951 6.52944527e-07
1.575587 6.50692969e-07
1.578223 6.48460561e-07
1.580860 6.46219842e-07
1.583496 6.43942421e-07
1.586132 6.41685182e-07
1.588768 6.39448007e-07
1.591404 6.37322235e-07
1.594040 6.35296005e-07
1.596676 6.33288778e-07
1.599312 6.31300445e-07
1.601948 6.29765573e-07
1.604585 6.28399314e-07
1.607221 6.27047673e-07
1.609857 6.25710592e-07
1.612493 6.27253318e-07
1.615129 6.28952702e-07
1.617765 6.30643698e-07
1.620401 6.32622676e-07
1.623037 6.36235237e-07
1.625673 6.39825913e-07
1.628309 6.43395153e-07
1.630946 6.47479722e-07
1.633582 6.52495119e-07
1.636218 6.57479489e-07
1.638854 6.62433420e-07
1.641490 6.67919389e-07
1.644126 6.73802507e-07
1.646762 6.79649598e-07
1.649398 6.85461335e-07
1.652034 6.91542029e-07
1.654670 6.97675677e-07
1.657307 7.03772808e-07
1.659943 7.09834119e-07
1.662579 7.15670058e-07
1.665215 7.21468156e-07
1.667851 7.27233325e-07
1.670487 7.32794331e-07
1.673123 7.37568816e-07
1.675759 7.42318174e-07
1.678395 7.47042976e-07
1.681032 7.53365837e-07
1.683668 7.62167890e-07
1.686304 7.70917871e-07
1.688940 7.79616788e-07
1.691576 7.90500949e-07
1.694212 8.02821635e-07
1.696848 8.15071794e-07
1.699484 8.27252732e-07
1.702120 8.36535780e-07
1.704756 8.45084035e-07
1.707393 8.53589011e-07
1.710029 8.62035703e-07
1.712665 8.68996026e-07
1.715301 8.75924604e-07
1.717937 8.82822203e-07
1.720573 8.89352789e-07
1.723209 8.94647011e-07
1.725845 8.99921557e-07
1.728481 9.05177031e-07
1.731117 9.09801868e-07
1.733754 9.13582825e-07
1.736390 9.17354693e-07
1.739026 9.21117926e-07
1.741662 9.24069686e-07
1.744298 9.26548636e-07
1.746934 9.29027335e-07
1.749570 9.31506110e-07
1.752206 9.33074896e-07
1.754842 9.34472495e-07
1.757479 9.35876969e-07
1.760115 9.37249467e-07
1.762751 9.37772207e-07
1.765387 9.38307210e-07
1.768023 9.38854613e-07
1.770659 9.39238246e-07
1.773295 9.39107901e-07
1.775931 9.38993949e-07
1.778567 9.38896462e-07
1.781203 9.38596636e-07
1.783840 9.38054590e-07
1.786476 9.37531578e-07
1.789112 9.37027631e-07
1.791748 9.36418012e-07
1.794384 9.35764875e-07
1.797020 9.35131796e-07
1.799656 9.34518792e-07
1.802292 9.34029523e-07
1.804928 9.33575424e-07
1.807564 9.33140944e-07
1.810201 9.32758921e-07
1.812837 9.32793969e-07
1.815473 9.32846877e-07
1.818109 9.32917714e-07
1.820745 9.33192161e-07
1.823381 9.33954091e-07
1.826017 9.34731463e-07
1.828653 9.35524405e-07
1.831289 9.36729476e-07
1.833926 9.38362024e-07
1.836562 9.40007354e-07
1.839198 9.41665663e-07
1.841834 9.43928771e-07
1.844470 9.46461356e-07
1.847106 9.49004354e-07
1.849742 9.51558033e-07
1.852378 9.54831824e-07
1.855014 9.58191044e-07
1.857650 9.61558990e-07
1.860287 9.65005381e-07
1.862923 9.69028930e-07
1.865559 9.73060040e-07
1.868195 9.77099095e-07
1.870831 9.81283320e-07
1.873467 9.85772601e-07
1.876103 9.90269596e-07
1.878739 9.94774723e-07
1.881375 9.99399750e-07
1.884011 1.00413532e-06
1.886648 1.00887963e-06
1.889284 1.01363312e-06
1.891920 1.01840406e-06
1.894556 1.02318792e-06
1.897192 1.02798223e-06
1.899828 1.03278740e-06
1.902464 1.03745225e-06
1.905100 1.04211866e-06
1.907736 1.04679763e-06
1.910372 1.05145030e-06
1.913009 1.05587802e-06
1.915645 1.06032022e-06
1.918281 1.06477729e-06
1.920917 1.06913624e-06
1.923553 1.07329876e-06
1.926189 1.07747803e-06
1.928825 1.08167442e-06
1.931461 1.08570507e-06
1.934097 1.08960679e-06
1.936734 1.09352737e-06
1.939370 1.09746715e-06
1.942006 1.10121908e-06
1.944642 1.10492615e-06
1.947278 1.10865390e-06
1.949914 1.11240264e-06
1.952550 1.11599844e-06
1.955186 1.11961028e-06
1.957822 1.12324433e-06
1.960458 1.12688384e-06
1.963095 1.13046525e-06
1.965731 1.13406991e-06
1.968367 1.13769811e-06
1.971003 1.14135732e-06
1.973639 1.14505234e-06
1.976275 1.14877175e-06
1.978911 1.15251583e-06
1.981547 1.15635208e-06
1.984183 1.16026077e-06
1.986819 1.16419490e-06
1.989456 1.16815477e-06
1.992092 1.17230727e-06
1.994728 1.17652929e-06
1.997364 1.18077779e-06
2.000000 1.18505308e-06
