# W  sigma_tot[ub/GeV^3]  sigma_T  eps*sigma_L  sigma_L(no-epsilon)  R_LT=sigma_L/sigma_T  dR_LT(=0.3*R_LT)
1.080000 2.26305703e-07 2.00839083e-07 2.54666200e-08 2.84422629e-08 1.41617172e-01 4.24851515e-02
1.084069 4.23980157e-07 3.76803192e-07 4.71769650e-08 5.27030158e-08 1.39868815e-01 4.19606444e-02
1.088138 5.54561591e-07 4.93708383e-07 6.08532073e-08 6.79989542e-08 1.37731010e-01 4.13193030e-02
1.092206 6.84983251e-07 6.10683318e-07 7.42999330e-08 8.30464624e-08 1.35989407e-01 4.07968222e-02
1.096275 8.35377859e-07 7.45525453e-07 8.98524059e-08 1.00456269e-07 1.34745593e-01 4.04236778e-02
1.100344 9.90153275e-07 8.84503929e-07 1.05649346e-07 1.18148833e-07 1.33576380e-01 4.00729141e-02
1.104413 1.15364828e-06 1.03145787e-06 1.22190416e-07 1.36683385e-07 1.32514754e-01 3.97544262e-02
1.108481 1.32651311e-06 1.18705497e-06 1.39458139e-07 1.56041129e-07 1.31452319e-01 3.94356957e-02
1.112550 1.51053864e-06 1.35294363e-06 1.57595007e-07 1.76382293e-07 1.30369284e-01 3.91107852e-02
1.116619 1.70778898e-06 1.53101056e-06 1.76778428e-07 1.97906378e-07 1.29265195e-01 3.87795585e-02
1.120688 1.92037342e-06 1.72317683e-06 1.97196588e-07 2.20825182e-07 1.28150041e-01 3.84450123e-02
1.124756 2.15020141e-06 1.93118050e-06 2.19020906e-07 2.45331964e-07 1.27037304e-01 3.81111912e-02
1.128825 2.40049026e-06 2.15797546e-06 2.42514801e-07 2.71723293e-07 1.25915840e-01 3.77747519e-02
1.132894 2.67362054e-06 2.40573816e-06 2.67882371e-07 3.00229596e-07 1.24797287e-01 3.74391861e-02
1.136963 2.97323182e-06 2.67780745e-06 2.95424367e-07 3.31189932e-07 1.23679517e-01 3.71038551e-02
1.141032 3.30311151e-06 2.97766059e-06 3.25450918e-07 3.64954279e-07 1.22564096e-01 3.67692289e-02
1.145100 3.66686188e-06 3.30860215e-06 3.58259734e-07 4.01859099e-07 1.21458876e-01 3.64376629e-02
1.149169 4.06944555e-06 3.67515717e-06 3.94288377e-07 4.42398185e-07 1.20375310e-01 3.61125931e-02
1.153238 4.51538153e-06 4.08138750e-06 4.33994033e-07 4.87087949e-07 1.19343716e-01 3.58031147e-02
1.157307 5.00933989e-06 4.53169722e-06 4.77642673e-07 5.36230761e-07 1.18328903e-01 3.54986710e-02
1.161375 5.55590557e-06 5.03051936e-06 5.25386210e-07 5.90001298e-07 1.17284371e-01 3.51853112e-02
1.165444 6.16037536e-06 5.58236003e-06 5.78015330e-07 6.49292024e-07 1.16311385e-01 3.48934154e-02
1.169513 6.82592004e-06 6.18986524e-06 6.36054805e-07 7.14697703e-07 1.15462563e-01 3.46387688e-02
1.173582 7.55412222e-06 6.85504966e-06 6.99072563e-07 7.85738383e-07 1.14621837e-01 3.43865510e-02
1.177650 8.34411958e-06 7.57672475e-06 7.67394826e-07 8.62786163e-07 1.13873236e-01 3.41619707e-02
1.181719 9.19139716e-06 8.35062798e-06 8.40769182e-07 9.45562881e-07 1.13232548e-01 3.39697643e-02
1.185788 1.00839307e-05 9.16575160e-06 9.18179145e-07 1.03293054e-06 1.12694582e-01 3.38083745e-02
1.189857 1.10028954e-05 1.00045267e-05 9.98368672e-07 1.12348025e-06 1.12297191e-01 3.36891574e-02
1.193926 1.19397097e-05 1.08588196e-05 1.08089006e-06 1.21671137e-06 1.12048216e-01 3.36144648e-02
1.197994 1.28607385e-05 1.16980963e-05 1.16264224e-06 1.30913500e-06 1.11910089e-01 3.35730268e-02
1.202063 1.37327023e-05 1.24913571e-05 1.24134519e-06 1.39818278e-06 1.11932016e-01 3.35796049e-02
1.206132 1.45233239e-05 1.32087200e-05 1.31460392e-06 1.48115363e-06 1.12134532e-01 3.36403595e-02
1.210201 1.52017806e-05 1.38220862e-05 1.37969438e-06 1.55497222e-06 1.12499097e-01 3.37497292e-02
1.214269 1.57454508e-05 1.43099024e-05 1.43554833e-06 1.61842611e-06 1.13098333e-01 3.39294998e-02
1.218338 1.61400980e-05 1.46606963e-05 1.47940174e-06 1.66838880e-06 1.13800107e-01 3.41400320e-02
1.222407 1.63804402e-05 1.48753362e-05 1.50510394e-06 1.69790930e-06 1.14142583e-01 3.42427749e-02
1.226476 1.64976393e-05 1.49513072e-05 1.54633209e-06 1.74497170e-06 1.16710310e-01 3.50130929e-02
1.230544 1.64743166e-05 1.49239123e-05 1.55040434e-06 1.75012469e-06 1.17269832e-01 3.51809497e-02
1.234613 1.63544272e-05 1.48040283e-05 1.55039892e-06 1.75067954e-06 1.18256971e-01 3.54770913e-02
1.238682 1.61725052e-05 1.46101341e-05 1.56237115e-06 1.76476700e-06 1.20790609e-01 3.62371828e-02
1.242751 1.59369352e-05 1.43755750e-05 1.56136016e-06 1.76419670e-06 1.22721817e-01 3.68165452e-02
1.246819 1.56741408e-05 1.41152569e-05 1.55888386e-06 1.76197286e-06 1.24827544e-01 3.74482633e-02
1.250888 1.54016139e-05 1.38453410e-05 1.55627283e-06 1.75959827e-06 1.27089558e-01 3.81268673e-02
1.254957 1.51390800e-05 1.35838550e-05 1.55522498e-06 1.75899315e-06 1.29491455e-01 3.88474365e-02
1.259026 1.48914995e-05 1.33354268e-05 1.55607270e-06 1.76053533e-06 1.32019421e-01 3.96058263e-02
1.263095 1.46713002e-05 1.31115395e-05 1.55976070e-06 1.76529617e-06 1.34636834e-01 4.03910503e-02
1.267163 1.44831401e-05 1.29163321e-05 1.56680795e-06 1.77386647e-06 1.37335155e-01 4.12005464e-02
1.271232 1.43300346e-05 1.27523490e-05 1.57768555e-06 1.78678367e-06 1.40114081e-01 4.20342243e-02
1.275301 1.42166548e-05 1.26237114e-05 1.59294344e-06 1.80467526e-06 1.42959167e-01 4.28877500e-02
1.279370 1.41422964e-05 1.25298603e-05 1.61243611e-06 1.82738154e-06 1.45842132e-01 4.37526395e-02
1.283438 1.41087441e-05 1.24724511e-05 1.63629300e-06 1.85505429e-06 1.48732136e-01 4.46196408e-02
1.287507 1.41156650e-05 1.24511000e-05 1.66456501e-06 1.88775650e-06 1.51613633e-01 4.54840899e-02
1.291576 1.41625846e-05 1.24652596e-05 1.69732497e-06 1.92557620e-06 1.54475419e-01 4.63426256e-02
1.295645 1.42492501e-05 1.25146364e-05 1.73461371e-06 1.96856526e-06 1.57301035e-01 4.71903106e-02
1.299713 1.43747633e-05 1.25985326e-05 1.77623074e-06 2.01650174e-06 1.60058461e-01 4.80175383e-02
1.303782 1.45385232e-05 1.27164816e-05 1.82204160e-06 2.06923841e-06 1.62720985e-01 4.88162956e-02
1.307851 1.47396264e-05 1.28675915e-05 1.87203489e-06 2.12676769e-06 1.65280945e-01 4.95842836e-02
1.311920 1.49772549e-05 1.30510192e-05 1.92623578e-06 2.18912362e-06 1.67735837e-01 5.03207511e-02
1.315989 1.52504017e-05 1.32658463e-05 1.98455535e-06 2.25621064e-06 1.70076646e-01 5.10229937e-02
1.320057 1.55576257e-05 1.35109510e-05 2.04667479e-06 2.32767163e-06 1.72280370e-01 5.16841111e-02
1.324126 1.58979351e-05 1.37855047e-05 2.11243048e-06 2.40332561e-06 1.74337151e-01 5.23011454e-02
1.328195 1.62687017e-05 1.40874047e-05 2.18129700e-06 2.48257957e-06 1.76226893e-01 5.28680680e-02
1.332264 1.66678100e-05 1.44149450e-05 2.25286498e-06 2.56497184e-06 1.77938372e-01 5.33815115e-02
1.336332 1.70922741e-05 1.47657499e-05 2.32652422e-06 2.64981134e-06 1.79456605e-01 5.38369815e-02
1.340401 1.75377442e-05 1.51364133e-05 2.40133091e-06 2.73602595e-06 1.80757878e-01 5.42273634e-02
1.344470 1.80006852e-05 1.55241857e-05 2.47649945e-06 2.82272228e-06 1.81827397e-01 5.45482190e-02
1.348539 1.84756974e-05 1.59246201e-05 2.55107724e-06 2.90881519e-06 1.82661512e-01 5.47984535e-02
1.352607 1.89579817e-05 1.63337928e-05 2.62418892e-06 2.99330603e-06 1.83258479e-01 5.49775438e-02
1.356676 1.94418313e-05 1.67470864e-05 2.69474499e-06 3.07495030e-06 1.83611061e-01 5.50833183e-02
1.360745 1.99204540e-05 1.71590722e-05 2.76138181e-06 3.15218862e-06 1.83703908e-01 5.51111725e-02
1.364814 2.03872839e-05 1.75645211e-05 2.82276281e-06 3.22349013e-06 1.83522802e-01 5.50568406e-02
1.368883 2.08369772e-05 1.79587674e-05 2.87820977e-06 3.28807364e-06 1.83090162e-01 5.49270486e-02
1.372951 2.12631219e-05 1.83363819e-05 2.92674000e-06 3.34480875e-06 1.82413781e-01 5.47241343e-02
1.377020 2.16618081e-05 1.86941128e-05 2.96769530e-06 3.39293417e-06 1.81497470e-01 5.44492410e-02
1.381089 2.20298309e-05 1.90293695e-05 3.00046149e-06 3.43173773e-06 1.80339014e-01 5.41017043e-02
1.385158 2.23630902e-05 1.93387799e-05 3.02431029e-06 3.46037543e-06 1.78934527e-01 5.36803580e-02
1.389226 2.26655016e-05 1.96254398e-05 3.04006180e-06 3.47977419e-06 1.77309361e-01 5.31928083e-02
1.393295 2.29372704e-05 1.98894006e-05 3.04786985e-06 3.49009935e-06 1.75475341e-01 5.26426023e-02
1.397364 2.31838609e-05 2.01352229e-05 3.04863799e-06 3.49237521e-06 1.73446067e-01 5.20338200e-02
1.401433 2.34122710e-05 2.03687309e-05 3.04354010e-06 3.48793744e-06 1.71239802e-01 5.13719405e-02
1.405501 2.36286790e-05 2.05951004e-05 3.03357866e-06 3.47792725e-06 1.68871585e-01 5.06614756e-02
1.409570 2.38430651e-05 2.08232045e-05 3.01986054e-06 3.46360739e-06 1.66334024e-01 4.99002071e-02
1.413639 2.40640864e-05 2.10606032e-05 3.00348323e-06 3.44623180e-06 1.63634050e-01 4.90902151e-02
1.417708 2.43011248e-05 2.13156067e-05 2.98551813e-06 3.42702648e-06 1.60775461e-01 4.82326382e-02
1.421777 2.45638291e-05 2.15967143e-05 2.96711482e-06 3.40730924e-06 1.57769797e-01 4.73309392e-02
1.425845 2.48617995e-05 2.19125061e-05 2.94929335e-06 3.38825119e-06 1.54626366e-01 4.63879098e-02
1.429914 2.52043951e-05 2.22718364e-05 2.93255873e-06 3.37043350e-06 1.51331639e-01 4.53994916e-02
1.433983 2.56011551e-05 2.26834986e-05 2.91765646e-06 3.35471481e-06 1.47892301e-01 4.43676904e-02
1.438052 2.60626553e-05 2.31575708e-05 2.90508446e-06 3.34167044e-06 1.44301424e-01 4.32904271e-02
1.442120 2.65990669e-05 2.37037355e-05 2.89533140e-06 3.33186608e-06 1.40562911e-01 4.21688734e-02
1.446189 2.72224541e-05 2.43334918e-05 2.88896228e-06 3.32595628e-06 1.36682245e-01 4.10046734e-02
1.450258 2.79478905e-05 2.50613133e-05 2.88657717e-06 3.32463717e-06 1.32660134e-01 3.97980401e-02
1.454327 2.87888939e-05 2.59001428e-05 2.88875105e-06 3.32857721e-06 1.28515786e-01 3.85547357e-02
1.458395 2.97671609e-05 2.68707661e-05 2.89639473e-06 3.33883319e-06 1.24255229e-01 3.72765686e-02
1.462464 3.09005664e-05 2.79902126e-05 2.91035382e-06 3.35638866e-06 1.19912939e-01 3.59738818e-02
1.466533 3.22215956e-05 2.92899513e-05 2.93164436e-06 3.38242560e-06 1.15480752e-01 3.46442256e-02
1.470602 3.37617905e-05 3.08005861e-05 2.96120446e-06 3.41803819e-06 1.10973154e-01 3.32919463e-02
1.474670 3.55502605e-05 3.25502927e-05 2.99996781e-06 3.46431762e-06 1.06429692e-01 3.19289076e-02
1.478739 3.78713080e-05 3.48188852e-05 3.05242282e-06 3.52646385e-06 1.01280206e-01 3.03840617e-02
1.482808 4.10619824e-05 3.79385935e-05 3.12338887e-06 3.61006892e-06 9.51555812e-02 2.85466744e-02
1.486877 4.48115445e-05 4.16003660e-05 3.21117852e-06 3.71321103e-06 8.92590953e-02 2.67777286e-02
1.490946 4.79988431e-05 4.46910933e-05 3.30774974e-06 3.82661382e-06 8.56236340e-02 2.56870902e-02
1.495014 4.99221963e-05 4.65139373e-05 3.40825899e-06 3.94468618e-06 8.48065420e-02 2.54419626e-02
1.499083 5.13191945e-05 4.78089188e-05 3.51027570e-06 4.06462093e-06 8.50180477e-02 2.55054143e-02
1.503152 5.25397823e-05 4.89290358e-05 3.61074654e-06 4.18288436e-06 8.54887959e-02 2.56466388e-02
1.507221 5.36144367e-05 4.99092124e-05 3.70522434e-06 4.29432073e-06 8.60426468e-02 2.58127940e-02
1.511289 5.43777738e-05 5.05902764e-05 3.78749735e-06 4.39171869e-06 8.68095412e-02 2.60428624e-02
1.515358 5.47847332e-05 5.09320769e-05 3.85265636e-06 4.46936426e-06 8.77514630e-02 2.63254389e-02
1.519427 5.48844626e-05 5.09835185e-05 3.90094411e-06 4.52751200e-06 8.88034434e-02 2.66410330e-02
1.523496 5.46896086e-05 5.07591830e-05 3.93042559e-06 4.56388793e-06 8.99125569e-02 2.69737671e-02
1.527564 5.42514564e-05 5.03080108e-05 3.94344560e-06 4.58118543e-06 9.10627424e-02 2.73188227e-02
1.531633 5.36392732e-05 4.96953047e-05 3.94396852e-06 4.58398511e-06 9.22418151e-02 2.76725445e-02
1.535702 5.29086836e-05 4.89737277e-05 3.93495594e-06 4.57571007e-06 9.34319335e-02 2.80295801e-02
1.539771 5.21072046e-05 4.81868351e-05 3.92036950e-06 4.56095327e-06 9.46514387e-02 2.83954316e-02
1.543840 5.12868755e-05 4.73830122e-05 3.90386330e-06 4.54395847e-06 9.58984721e-02 2.87695416e-02
1.547908 5.04761334e-05 4.65887121e-05 3.88742128e-06 4.52703271e-06 9.71701621e-02 2.91510486e-02
1.551977 4.97014234e-05 4.58287113e-05 3.87271213e-06 4.51212021e-06 9.84561879e-02 2.95368564e-02
1.556046 4.89871825e-05 4.51254633e-05 3.86171923e-06 4.50153587e-06 9.97560034e-02 2.99268010e-02
1.560115 4.83412844e-05 4.44846933e-05 3.85659115e-06 4.49779185e-06 1.01108753e-01 3.03326258e-02
1.564183 4.77784223e-05 4.39190545e-05 3.85936778e-06 4.50327863e-06 1.02535874e-01 3.07607622e-02
1.568252 4.73055255e-05 4.34353545e-05 3.87017095e-06 4.51815235e-06 1.04020156e-01 3.12060468e-02
1.572321 4.69293040e-05 4.30403448e-05 3.88895920e-06 4.54237888e-06 1.05537697e-01 3.16613092e-02
1.576390 4.66569852e-05 4.27408341e-05 3.91615114e-06 4.57646183e-06 1.07074696e-01 3.21224089e-02
1.580458 4.64941874e-05 4.25417522e-05 3.95243525e-06 4.62122150e-06 1.08627907e-01 3.25883721e-02
1.584527 4.64474586e-05 4.24490954e-05 3.99836322e-06 4.67731998e-06 1.10186564e-01 3.30559693e-02
1.588596 4.65245909e-05 4.24704870e-05 4.05410389e-06 4.74497282e-06 1.11724003e-01 3.35172009e-02
1.592665 4.67335387e-05 4.26138183e-05 4.11972041e-06 4.82427243e-06 1.13209109e-01 3.39627328e-02
1.596734 4.70814537e-05 4.28852844e-05 4.19616929e-06 4.91635827e-06 1.14639750e-01 3.43919249e-02
1.600802 4.75738522e-05 4.32904070e-05 4.28344523e-06 5.02124489e-06 1.15989782e-01 3.47969347e-02
1.604871 4.82177259e-05 4.38344197e-05 4.38330617e-06 5.14101510e-06 1.17282609e-01 3.51847826e-02
1.608940 4.90262225e-05 4.45168537e-05 4.50936877e-06 5.29167238e-06 1.18868966e-01 3.56606899e-02
1.613009 5.00126708e-05 4.53379167e-05 4.67475407e-06 5.48867260e-06 1.21061420e-01 3.63184261e-02
1.617077 5.11766904e-05 4.63016325e-05 4.87505794e-06 5.72691778e-06 1.23687168e-01 3.71061503e-02
1.621146 5.25145775e-05 4.74256405e-05 5.08893698e-06 5.98138974e-06 1.26121433e-01 3.78364299e-02
1.625215 5.40180341e-05 4.87113637e-05 5.30667040e-06 6.24068502e-06 1.28115588e-01 3.84346765e-02
1.629284 5.56453569e-05 5.01125223e-05 5.53283457e-06 6.51019837e-06 1.29911608e-01 3.89734825e-02
1.633352 5.73630348e-05 5.15947750e-05 5.76825979e-06 6.79092617e-06 1.31620424e-01 3.94861272e-02
1.637421 5.91390166e-05 5.31281036e-05 6.01091304e-06 7.08049436e-06 1.33272108e-01 3.99816324e-02
1.641490 6.09407729e-05 5.46836583e-05 6.25711453e-06 7.37458297e-06 1.34858991e-01 4.04576972e-02
1.645559 6.27354879e-05 5.62309666e-05 6.50452127e-06 7.67043896e-06 1.36409516e-01 4.09228549e-02
1.649628 6.44888649e-05 5.77365697e-05 6.75229516e-06 7.96707887e-06 1.37990166e-01 4.13970499e-02
1.653696 6.61667816e-05 5.91677522e-05 6.99902939e-06 8.26284565e-06 1.39651167e-01 4.18953501e-02
1.657765 6.77437698e-05 6.05008354e-05 7.24293446e-06 8.55562648e-06 1.41413361e-01 4.24240084e-02
1.661834 6.91926562e-05 6.17111619e-05 7.48149429e-06 8.84244502e-06 1.43287612e-01 4.29862836e-02
1.665903 7.04933385e-05 6.27798609e-05 7.71347760e-06 9.12183742e-06 1.45298784e-01 4.35896351e-02
1.669971 7.16693786e-05 6.37302096e-05 7.93916895e-06 9.39413005e-06 1.47404663e-01 4.42213988e-02
1.674040 7.27150074e-05 6.45564340e-05 8.15857342e-06 9.65931905e-06 1.49625970e-01 4.48877910e-02
1.678109 7.34845349e-05 6.51090971e-05 8.37543786e-06 9.92183305e-06 1.52387815e-01 4.57163446e-02
1.682178 7.36667625e-05 6.50707004e-05 8.59606204e-06 1.01891370e-05 1.56585635e-01 4.69756906e-02
1.686246 7.33722070e-05 6.45512861e-05 8.82092092e-06 1.04618049e-05 1.62069658e-01 4.86208975e-02
1.690315 7.34517338e-05 6.44099340e-05 9.04179983e-06 1.07301001e-05 1.66590763e-01 4.99772290e-02
1.694384 7.43147501e-05 6.50593454e-05 9.25540469e-06 1.09901058e-05 1.68924321e-01 5.06772964e-02
1.698453 7.56233962e-05 6.61581195e-05 9.46527664e-06 1.12460169e-05 1.69986948e-01 5.09960845e-02
1.702521 7.69220867e-05 6.72457703e-05 9.67631640e-06 1.15036545e-05 1.71068819e-01 5.13206457e-02
1.706590 7.80775490e-05 6.81884759e-05 9.88907312e-06 1.17636774e-05 1.72517090e-01 5.17551271e-02
1.710659 7.91493729e-05 6.90486021e-05 1.01007708e-05 1.20227881e-05 1.74120658e-01 5.22361975e-02
1.714728 8.01123041e-05 6.98021214e-05 1.03101828e-05 1.22795262e-05 1.75919098e-01 5.27757294e-02
1.718797 8.09710312e-05 7.04552803e-05 1.05157509e-05 1.25320330e-05 1.77872161e-01 5.33616484e-02
1.722865 8.17287206e-05 7.10130247e-05 1.07156959e-05 1.27781812e-05 1.79941374e-01 5.39824121e-02
1.726934 8.23909155e-05 7.14809295e-05 1.09099860e-05 1.30179235e-05 1.82117435e-01 5.46352304e-02
1.731003 8.29684034e-05 7.18678654e-05 1.11005379e-05 1.32535387e-05 1.84415366e-01 5.53246099e-02
1.735072 8.34699082e-05 7.21822345e-05 1.12876737e-05 1.34854060e-05 1.86824447e-01 5.60473340e-02
1.739140 8.39061536e-05 7.24363065e-05 1.14698471e-05 1.37116723e-05 1.89292814e-01 5.67878443e-02
1.743209 8.42879075e-05 7.26421890e-05 1.16457184e-05 1.39307266e-05 1.91771845e-01 5.75315534e-02
1.747278 8.46234746e-05 7.28085142e-05 1.18149604e-05 1.41421654e-05 1.94237797e-01 5.82713391e-02
1.751347 8.49205777e-05 7.29427131e-05 1.19778646e-05 1.43463257e-05 1.96679354e-01 5.90038061e-02
1.755415 8.51864976e-05 7.30522756e-05 1.21342220e-05 1.45429449e-05 1.99075864e-01 5.97227593e-02
1.759484 8.54266023e-05 7.31430187e-05 1.22835836e-05 1.47314719e-05 2.01406398e-01 6.04219193e-02
1.763553 8.56467833e-05 7.32212434e-05 1.24255399e-05 1.49114016e-05 2.03648571e-01 6.10945714e-02
1.767622 8.58515673e-05 7.32922923e-05 1.25592750e-05 1.50817393e-05 2.05775244e-01 6.17325732e-02
1.771691 8.60452374e-05 7.33619259e-05 1.26833115e-05 1.52406925e-05 2.07746625e-01 6.23239876e-02
1.775759 8.62318362e-05 7.34346078e-05 1.27972284e-05 1.53877343e-05 2.09543358e-01 6.28630075e-02
1.779828 8.64142762e-05 7.35125423e-05 1.29017338e-05 1.55236947e-05 2.11170695e-01 6.33512086e-02
1.783897 8.65960000e-05 7.35988253e-05 1.29971748e-05 1.56489707e-05 2.12625279e-01 6.37875836e-02
1.787966 8.67811889e-05 7.36971195e-05 1.30840694e-05 1.57641668e-05 2.13904789e-01 6.41714367e-02
1.792034 8.69743107e-05 7.38115307e-05 1.31627800e-05 1.58697006e-05 2.15003001e-01 6.45009002e-02
1.796103 8.71796820e-05 7.39455701e-05 1.32341119e-05 1.59665254e-05 2.15922676e-01 6.47768028e-02
1.800172 8.74016815e-05 7.41022891e-05 1.32993924e-05 1.60562270e-05 2.16676531e-01 6.50029594e-02
1.804241 8.76447082e-05 7.42849973e-05 1.33597109e-05 1.61401080e-05 2.17272782e-01 6.51818345e-02
1.808309 8.79130816e-05 7.44969884e-05 1.34160932e-05 1.62193975e-05 2.17718835e-01 6.53156504e-02
1.812378 8.82116755e-05 7.47422127e-05 1.34694628e-05 1.62952044e-05 2.18018759e-01 6.54056277e-02
1.816447 8.85439254e-05 7.50228801e-05 1.35210453e-05 1.63690061e-05 2.18186853e-01 6.54560558e-02
1.820516 8.89124237e-05 7.53398049e-05 1.35726188e-05 1.64429533e-05 2.18250542e-01 6.54751627e-02
1.824585 8.93198729e-05 7.56944751e-05 1.36253977e-05 1.65185196e-05 2.18226226e-01 6.54678678e-02
1.828653 8.97679814e-05 7.60884511e-05 1.36795303e-05 1.65958894e-05 2.18113119e-01 6.54339356e-02
1.832722 9.02589925e-05 7.65240285e-05 1.37349640e-05 1.66750034e-05 2.17905457e-01 6.53716372e-02
1.836791 9.07928531e-05 7.70005295e-05 1.37923236e-05 1.67566256e-05 2.17617018e-01 6.52851055e-02
1.840860 9.13682472e-05 7.75153079e-05 1.38529392e-05 1.68423797e-05 2.17278112e-01 6.51834335e-02
1.844928 9.19840584e-05 7.80667446e-05 1.39173137e-05 1.69328874e-05 2.16902696e-01 6.50708087e-02
1.848997 9.26381787e-05 7.86533318e-05 1.39848469e-05 1.70274293e-05 2.16487069e-01 6.49461206e-02
1.853066 9.33286654e-05 7.92737123e-05 1.40549532e-05 1.71253018e-05 2.16027499e-01 6.48082498e-02
1.857135 9.40524200e-05 7.99251786e-05 1.41272415e-05 1.72260369e-05 2.15527036e-01 6.46581109e-02
1.861203 9.48059826e-05 8.06046795e-05 1.42013031e-05 1.73291432e-05 2.14989295e-01 6.44967884e-02
1.865272 9.55855839e-05 8.13088133e-05 1.42767706e-05 1.74341787e-05 2.14419298e-01 6.43257894e-02
1.869341 9.63864335e-05 8.20329953e-05 1.43534383e-05 1.75408976e-05 2.13827345e-01 6.41482034e-02
1.873410 9.72037407e-05 8.27726313e-05 1.44311094e-05 1.76490643e-05 2.13223430e-01 6.39670289e-02
1.877479 9.80336498e-05 8.35247629e-05 1.45088869e-05 1.77575856e-05 2.12602646e-01 6.37807938e-02
1.881547 9.88723109e-05 8.42870657e-05 1.45852451e-05 1.78645951e-05 2.11949425e-01 6.35848274e-02
1.885616 9.97161863e-05 8.50566045e-05 1.46595818e-05 1.79693523e-05 2.11263457e-01 6.33790370e-02
1.889685 1.00562073e-04 8.58300709e-05 1.47320026e-05 1.80719830e-05 2.10555378e-01 6.31666133e-02
1.893754 1.01406682e-04 8.66042305e-05 1.48024516e-05 1.81724152e-05 2.09832881e-01 6.29498642e-02
1.897822 1.02247684e-04 8.73769042e-05 1.48707802e-05 1.82704623e-05 2.09099447e-01 6.27298340e-02
1.901891 1.03082304e-04 8.81455302e-05 1.49367742e-05 1.83658569e-05 2.08358347e-01 6.25075040e-02
1.905960 1.03909091e-04 8.89087361e-05 1.50003554e-05 1.84584977e-05 2.07611744e-01 6.22835231e-02
1.910029 1.04727501e-04 8.96659914e-05 1.50615098e-05 1.85483623e-05 2.06860617e-01 6.20581850e-02
1.914097 1.05536826e-04 9.04166059e-05 1.51202204e-05 1.86354243e-05 2.06106213e-01 6.18318640e-02
1.918166 1.06337409e-04 9.11608139e-05 1.51765956e-05 1.87198121e-05 2.05349330e-01 6.16047991e-02
1.922235 1.07129319e-04 9.18986506e-05 1.52306682e-05 1.88015609e-05 2.04590174e-01 6.13770521e-02
1.926304 1.07913595e-04 9.26309047e-05 1.52826901e-05 1.88809767e-05 2.03830209e-01 6.11490628e-02
1.930372 1.08691822e-04 9.33588341e-05 1.53329882e-05 1.89584593e-05 2.03070866e-01 6.09212597e-02
1.934441 1.09465469e-04 9.40835615e-05 1.53819073e-05 1.90344316e-05 2.02314106e-01 6.06942318e-02
1.938510 1.10236510e-04 9.48064857e-05 1.54300244e-05 1.91096059e-05 2.01564332e-01 6.04692996e-02
1.942579 1.11007525e-04 9.55290589e-05 1.54784659e-05 1.91853774e-05 2.00832895e-01 6.02498684e-02
1.946648 1.11779572e-04 9.62527033e-05 1.55268688e-05 1.92612984e-05 2.00111766e-01 6.00335297e-02
1.950716 1.12552251e-04 9.69779805e-05 1.55742704e-05 1.93361751e-05 1.99387273e-01 5.98161820e-02
1.954785 1.13324639e-04 9.77045639e-05 1.56200746e-05 1.94092654e-05 1.98652597e-01 5.95957792e-02
1.958854 1.14096628e-04 9.84329458e-05 1.56636823e-05 1.94798209e-05 1.97899400e-01 5.93698200e-02
1.962923 1.14868387e-04 9.91638952e-05 1.57044916e-05 1.95470869e-05 1.97118991e-01 5.91356972e-02
1.966991 1.15639850e-04 9.98979529e-05 1.57418972e-05 1.96103025e-05 1.96303347e-01 5.88910040e-02
1.971060 1.16410959e-04 1.00635668e-04 1.57752913e-05 1.96687001e-05 1.95444622e-01 5.86333867e-02
1.975129 1.17181661e-04 1.01377599e-04 1.58040628e-05 1.97215060e-05 1.94535147e-01 5.83605440e-02
1.979198 1.17951909e-04 1.02124311e-04 1.58275977e-05 1.97679399e-05 1.93567424e-01 5.80702272e-02
1.983266 1.18721662e-04 1.02876382e-04 1.58452794e-05 1.98072150e-05 1.92534132e-01 5.77602397e-02
1.987335 1.19490884e-04 1.03634396e-04 1.58564879e-05 1.98385380e-05 1.91428124e-01 5.74284371e-02
1.991404 1.20259548e-04 1.04398947e-04 1.58606007e-05 1.98611091e-05 1.90242428e-01 5.70727283e-02
1.995473 1.21027630e-04 1.05170638e-04 1.58569923e-05 1.98741218e-05 1.88970250e-01 5.66910751e-02
1.999542 1.21795116e-04 1.05950082e-04 1.58450342e-05 1.98767629e-05 1.87604979e-01 5.62814937e-02
2.003610 1.22561995e-04 1.06737900e-04 1.58240953e-05 1.98682124e-05 1.86140185e-01 5.58420555e-02
2.007679 1.23328265e-04 1.07534724e-04 1.57935413e-05 1.98476439e-05 1.84569626e-01 5.53708879e-02
2.011748 1.24093931e-04 1.08341195e-04 1.57527355e-05 1.98142236e-05 1.82887253e-01 5.48661760e-02
2.015817 1.24859002e-04 1.09157964e-04 1.57010378e-05 1.97671113e-05 1.81087212e-01 5.43261635e-02
2.019885 1.25623496e-04 1.09985690e-04 1.56378058e-05 1.97054595e-05 1.79163848e-01 5.37491545e-02
2.023954 1.26387439e-04 1.10825045e-04 1.55623939e-05 1.96284139e-05 1.77111716e-01 5.31335149e-02
2.028023 1.27150861e-04 1.11676708e-04 1.54741538e-05 1.95351129e-05 1.74925581e-01 5.24776742e-02
2.032092 1.27913803e-04 1.12541369e-04 1.53724344e-05 1.94246880e-05 1.72600424e-01 5.17801272e-02
2.036160 1.28676311e-04 1.13419729e-04 1.52565816e-05 1.92962632e-05 1.70131452e-01 5.10394356e-02
2.040229 1.29438437e-04 1.14312498e-04 1.51259387e-05 1.91489553e-05 1.67514100e-01 5.02542300e-02
2.044298 1.30194055e-04 1.15220398e-04 1.49736572e-05 1.89740314e-05 1.64675975e-01 4.94027926e-02
2.048367 1.30967896e-04 1.16144158e-04 1.48237376e-05 1.88018530e-05 1.61883760e-01 4.85651280e-02
2.052436 1.31761614e-04 1.17024566e-04 1.47370482e-05 1.87097024e-05 1.59878418e-01 4.79635253e-02
2.056504 1.32572134e-04 1.17878868e-04 1.46932657e-05 1.86719811e-05 1.58399732e-01 4.75199195e-02
2.060573 1.33393307e-04 1.18733163e-04 1.46601443e-05 1.86478286e-05 1.57056615e-01 4.71169844e-02
2.064642 1.34217362e-04 1.19589632e-04 1.46277300e-05 1.86246100e-05 1.55737665e-01 4.67212994e-02
2.068711 1.35043585e-04 1.20448087e-04 1.45954979e-05 1.86016592e-05 1.54437148e-01 4.63311445e-02
2.072779 1.35872469e-04 1.21308336e-04 1.45641330e-05 1.85798509e-05 1.53162194e-01 4.59486582e-02
2.076848 1.36703900e-04 1.22170183e-04 1.45337169e-05 1.85592927e-05 1.51913439e-01 4.55740318e-02
2.080917 1.37537761e-04 1.23033430e-04 1.45043314e-05 1.85400928e-05 1.50691506e-01 4.52074517e-02
2.084986 1.38373932e-04 1.23897873e-04 1.44760584e-05 1.85223601e-05 1.49496998e-01 4.48490993e-02
2.089054 1.39212290e-04 1.24763310e-04 1.44489804e-05 1.85062047e-05 1.48330505e-01 4.44991515e-02
2.093123 1.40052664e-04 1.25629530e-04 1.44231339e-05 1.84916782e-05 1.47192131e-01 4.41576392e-02
2.097192 1.40895033e-04 1.26496323e-04 1.43987107e-05 1.84790317e-05 1.46083549e-01 4.38250647e-02
2.101261 1.41739163e-04 1.27362602e-04 1.43765613e-05 1.84693640e-05 1.45014028e-01 4.35042085e-02
2.105330 1.42584698e-04 1.28228096e-04 1.43566019e-05 1.84625764e-05 1.43982301e-01 4.31946903e-02
2.109398 1.43431793e-04 1.29093365e-04 1.43384288e-05 1.84581581e-05 1.42983012e-01 4.28949036e-02
2.113467 1.44280305e-04 1.29958501e-04 1.43218039e-05 1.84558101e-05 1.42013103e-01 4.26039310e-02
2.117536 1.45130077e-04 1.30823364e-04 1.43067130e-05 1.84555205e-05 1.41072053e-01 4.23216159e-02
2.121605 1.45980986e-04 1.31687807e-04 1.42931796e-05 1.84573267e-05 1.40159724e-01 4.20479173e-02
2.125673 1.46832899e-04 1.32551683e-04 1.42812159e-05 1.84612510e-05 1.39275870e-01 4.17827611e-02
2.129742 1.47685678e-04 1.33414844e-04 1.42708336e-05 1.84673161e-05 1.38420250e-01 4.15260750e-02
2.133811 1.48539183e-04 1.34277138e-04 1.42620448e-05 1.84755444e-05 1.37592629e-01 4.12777887e-02
2.137880 1.49393273e-04 1.35138412e-04 1.42548615e-05 1.84859589e-05 1.36792779e-01 4.10378338e-02
2.141948 1.50247796e-04 1.35998510e-04 1.42492867e-05 1.84985712e-05 1.36020397e-01 4.08061190e-02
2.146017 1.51102603e-04 1.36857274e-04 1.42453284e-05 1.85133991e-05 1.35275229e-01 4.05825687e-02
2.150086 1.51957545e-04 1.37714198e-04 1.42433477e-05 1.85309200e-05 1.34560708e-01 4.03682124e-02
2.154155 1.52811818e-04 1.38568407e-04 1.42434113e-05 1.85512303e-05 1.33877777e-01 4.01633332e-02
2.158223 1.53665881e-04 1.39420542e-04 1.42453384e-05 1.85741039e-05 1.33223581e-01 3.99670744e-02
2.162292 1.54519710e-04 1.40270819e-04 1.42488912e-05 1.85992396e-05 1.32595216e-01 3.97785649e-02
2.166361 1.55373151e-04 1.41119139e-04 1.42540116e-05 1.86265696e-05 1.31991803e-01 3.95975409e-02
2.170430 1.56226084e-04 1.41965405e-04 1.42606795e-05 1.86560756e-05 1.31412830e-01 3.94238490e-02
2.174499 1.57078384e-04 1.42809517e-04 1.42688676e-05 1.86877300e-05 1.30857736e-01 3.92573207e-02
2.178567 1.57929922e-04 1.43651374e-04 1.42785484e-05 1.87215048e-05 1.30325971e-01 3.90977913e-02
2.182636 1.58780569e-04 1.44490874e-04 1.42896945e-05 1.87573718e-05 1.29817000e-01 3.89450999e-02
2.186705 1.59630194e-04 1.45327916e-04 1.43022780e-05 1.87953026e-05 1.29330298e-01 3.87990893e-02
2.190774 1.60478666e-04 1.46162395e-04 1.43162712e-05 1.88352685e-05 1.28865353e-01 3.86596058e-02
2.194842 1.61325821e-04 1.46994205e-04 1.43316162e-05 1.88772015e-05 1.28421400e-01 3.85264199e-02
2.198911 1.62171755e-04 1.47823241e-04 1.43485141e-05 1.89213742e-05 1.27999996e-01 3.83999988e-02
2.202980 1.63015120e-04 1.48648048e-04 1.43670715e-05 1.89679363e-05 1.27602996e-01 3.82808988e-02
2.207049 1.63856652e-04 1.49469464e-04 1.43871880e-05 1.90167646e-05 1.27228426e-01 3.81685277e-02
2.211117 1.64696442e-04 1.50287871e-04 1.44085710e-05 1.90674808e-05 1.26873052e-01 3.80619155e-02
2.215186 1.65534349e-04 1.51103254e-04 1.44310951e-05 1.91199267e-05 1.26535506e-01 3.79606519e-02
2.219255 1.66370280e-04 1.51915576e-04 1.44547035e-05 1.91740342e-05 1.26215064e-01 3.78645192e-02
2.223324 1.67204138e-04 1.52724803e-04 1.44793349e-05 1.92297290e-05 1.25910976e-01 3.77732928e-02
2.227393 1.68035822e-04 1.53530897e-04 1.45049258e-05 1.92869335e-05 1.25622490e-01 3.76867470e-02
2.231461 1.68865234e-04 1.54333822e-04 1.45314123e-05 1.93455696e-05 1.25348866e-01 3.76046598e-02
2.235530 1.69692274e-04 1.55133543e-04 1.45587303e-05 1.94055582e-05 1.25089376e-01 3.75268129e-02
2.239599 1.70516839e-04 1.55930024e-04 1.45868154e-05 1.94668194e-05 1.24843304e-01 3.74529913e-02
2.243668 1.71338833e-04 1.56723228e-04 1.46156046e-05 1.95292754e-05 1.24609961e-01 3.73829884e-02
2.247736 1.72158143e-04 1.57513120e-04 1.46450226e-05 1.95928311e-05 1.24388566e-01 3.73165698e-02
2.251805 1.72973685e-04 1.58298693e-04 1.46749920e-05 1.96573882e-05 1.24179094e-01 3.72537281e-02
2.255874 1.73785544e-04 1.59080101e-04 1.47054423e-05 1.97228574e-05 1.23980669e-01 3.71942007e-02
2.259943 1.74594387e-04 1.59858059e-04 1.47363281e-05 1.97891826e-05 1.23792211e-01 3.71376632e-02
2.264011 1.75400329e-04 1.60632735e-04 1.47675938e-05 1.98562936e-05 1.23612996e-01 3.70838988e-02
2.268080 1.76203348e-04 1.61404173e-04 1.47991746e-05 1.99241077e-05 1.23442333e-01 3.70326999e-02
2.272149 1.77003423e-04 1.62172418e-04 1.48310054e-05 1.99925413e-05 1.23279541e-01 3.69838623e-02
2.276218 1.77800537e-04 1.62937516e-04 1.48630212e-05 2.00615105e-05 1.23123950e-01 3.69371849e-02
2.280287 1.78594672e-04 1.63699515e-04 1.48951567e-05 2.01309308e-05 1.22974896e-01 3.68924688e-02
2.284355 1.79385810e-04 1.64458464e-04 1.49273463e-05 2.02007166e-05 1.22831724e-01 3.68495171e-02
2.288424 1.80173936e-04 1.65214412e-04 1.49595239e-05 2.02707814e-05 1.22693784e-01 3.68081351e-02
2.292493 1.80959028e-04 1.65967413e-04 1.49916142e-05 2.03410254e-05 1.22560357e-01 3.67681070e-02
2.296562 1.81741105e-04 1.66717519e-04 1.50235856e-05 2.04114082e-05 1.22431093e-01 3.67293280e-02
2.300630 1.82519733e-04 1.67464278e-04 1.50554550e-05 2.04819549e-05 1.22306411e-01 3.66919234e-02
2.304699 1.83294212e-04 1.68206971e-04 1.50872408e-05 2.05526928e-05 1.22186927e-01 3.66560780e-02
2.308768 1.84065572e-04 1.68946817e-04 1.51187550e-05 2.06233678e-05 1.22070176e-01 3.66210529e-02
2.312837 1.84833967e-04 1.69684154e-04 1.51498131e-05 2.06937293e-05 1.21954400e-01 3.65863201e-02
2.316905 1.85599460e-04 1.70419125e-04 1.51803349e-05 2.07636679e-05 1.21838837e-01 3.65516510e-02
2.320974 1.86362113e-04 1.71151875e-04 1.52102380e-05 2.08330705e-05 1.21722713e-01 3.65168138e-02
2.325043 1.87121989e-04 1.71882553e-04 1.52394368e-05 2.09018191e-05 1.21605240e-01 3.64815721e-02
2.329112 1.87879156e-04 1.72611311e-04 1.52678452e-05 2.09697946e-05 1.21485635e-01 3.64456904e-02
2.333181 1.88633679e-04 1.73338302e-04 1.52953768e-05 2.10368765e-05 1.21363116e-01 3.64089348e-02
2.337249 1.89385630e-04 1.74063685e-04 1.53219449e-05 2.11029430e-05 1.21236908e-01 3.63710723e-02
2.341318 1.90135094e-04 1.74787620e-04 1.53474740e-05 2.11678874e-05 1.21106331e-01 3.63318994e-02
2.345387 1.90882114e-04 1.75510268e-04 1.53718455e-05 2.12315427e-05 1.20970374e-01 3.62911121e-02
2.349456 1.91626622e-04 1.76231797e-04 1.53948257e-05 2.12935819e-05 1.20827129e-01 3.62481386e-02
2.353524 1.92366560e-04 1.76950556e-04 1.54160036e-05 2.13534301e-05 1.20674558e-01 3.62023674e-02
2.357593 1.93103774e-04 1.77668325e-04 1.54354483e-05 2.14111753e-05 1.20512057e-01 3.61536170e-02
2.361662 1.93839118e-04 1.78385626e-04 1.54534925e-05 2.14672720e-05 1.20341939e-01 3.61025816e-02
2.365731 1.94572798e-04 1.79102727e-04 1.54700714e-05 2.15216244e-05 1.20163578e-01 3.60490733e-02
2.369799 1.95305027e-04 1.79819898e-04 1.54851288e-05 2.15741479e-05 1.19976422e-01 3.59929265e-02
2.373868 1.96036026e-04 1.80537411e-04 1.54986144e-05 2.16247657e-05 1.19779970e-01 3.59339910e-02
2.377937 1.96766022e-04 1.81255545e-04 1.55104776e-05 2.16734001e-05 1.19573722e-01 3.58721165e-02
2.382006 1.97495248e-04 1.81974580e-04 1.55206677e-05 2.17199724e-05 1.19357179e-01 3.58071536e-02
2.386074 1.98223937e-04 1.82694803e-04 1.55291336e-05 2.17644033e-05 1.19129844e-01 3.57389532e-02
2.390143 1.98952329e-04 1.83416505e-04 1.55358244e-05 2.18066129e-05 1.18891225e-01 3.56673675e-02
2.394212 1.99680669e-04 1.84139981e-04 1.55406887e-05 2.18465201e-05 1.18640829e-01 3.55922488e-02
2.398281 2.00409197e-04 1.84865531e-04 1.55436665e-05 2.18840311e-05 1.18378105e-01 3.55134314e-02
2.402350 2.01136801e-04 1.85592137e-04 1.55446638e-05 2.19190037e-05 1.18103084e-01 3.54309251e-02
2.406418 2.01864267e-04 1.86320647e-04 1.55436198e-05 2.19513413e-05 1.17814862e-01 3.53444585e-02
2.410487 2.02592777e-04 1.87052228e-04 1.55405497e-05 2.19810541e-05 1.17512923e-01 3.52538770e-02
2.414556 2.03322744e-04 1.87787342e-04 1.55354028e-05 2.20080594e-05 1.17196714e-01 3.51590142e-02
2.418625 2.04054533e-04 1.88526403e-04 1.55281303e-05 2.20322759e-05 1.16865731e-01 3.50597193e-02
2.422693 2.04788517e-04 1.89269833e-04 1.55186833e-05 2.20536222e-05 1.16519478e-01 3.49558434e-02
2.426762 2.05525072e-04 1.90018059e-04 1.55070129e-05 2.20720157e-05 1.16157463e-01 3.48472389e-02
2.430831 2.06264584e-04 1.90771515e-04 1.54930698e-05 2.20873731e-05 1.15779198e-01 3.47337595e-02
2.434900 2.07007443e-04 1.91530638e-04 1.54768046e-05 2.20996098e-05 1.15384201e-01 3.46152604e-02
2.438968 2.07754044e-04 1.92295877e-04 1.54581677e-05 2.21086404e-05 1.14971994e-01 3.44915982e-02
2.443037 2.08504791e-04 1.93067682e-04 1.54371089e-05 2.21143785e-05 1.14542104e-01 3.43626312e-02
2.447106 2.09260091e-04 1.93846512e-04 1.54135783e-05 2.21167366e-05 1.14094065e-01 3.42282195e-02
2.451175 2.10020359e-04 1.94632833e-04 1.53875252e-05 2.21156261e-05 1.13627417e-01 3.40882251e-02
2.455244 2.10786015e-04 1.95427116e-04 1.53588992e-05 2.21109574e-05 1.13141706e-01 3.39425119e-02
2.459312 2.11557488e-04 1.96229839e-04 1.53276493e-05 2.21026397e-05 1.12636487e-01 3.37909462e-02
2.463381 2.12335210e-04 1.97041486e-04 1.52937243e-05 2.20905814e-05 1.12111322e-01 3.36333965e-02
2.467450 2.13119621e-04 1.97862548e-04 1.52570729e-05 2.20746894e-05 1.11565780e-01 3.34697339e-02
2.471519 2.13911167e-04 1.98693523e-04 1.52176434e-05 2.20548698e-05 1.10999440e-01 3.32998320e-02
2.475587 2.14710300e-04 1.99534916e-04 1.51753841e-05 2.20310273e-05 1.10411890e-01 3.31235671e-02
2.479656 2.15517480e-04 2.00387238e-04 1.51302428e-05 2.20030657e-05 1.09802730e-01 3.29408189e-02
2.483725 2.16333172e-04 2.01251005e-04 1.50821672e-05 2.19708873e-05 1.09171565e-01 3.27514696e-02
2.487794 2.17157848e-04 2.02126744e-04 1.50311047e-05 2.19343935e-05 1.08518017e-01 3.25554052e-02
2.491862 2.17991987e-04 2.03014984e-04 1.49770026e-05 2.18934843e-05 1.07841716e-01 3.23525148e-02
2.495931 2.18836073e-04 2.03916265e-04 1.49198078e-05 2.18480586e-05 1.07142305e-01 3.21426914e-02
2.500000 2.19690599e-04 2.04831131e-04 1.48594671e-05 2.17980140e-05 1.06419438e-01 3.19258315e-02
