1.080000 -2.60471807e-11
1.082636 -2.70782377e-11
1.085272 -2.19157103e-11
1.087908 -1.05779387e-11
1.090544 6.91110773e-12
1.093181 3.04054937e-11
1.095817 5.98436117e-11
1.098453 9.52119023e-11
1.101089 1.37054671e-10
1.103725 1.86030338e-10
1.106361 2.41516810e-10
1.108997 3.03503195e-10
1.111633 3.74687831e-10
1.114269 4.54858351e-10
1.116905 5.42540205e-10
1.119542 6.37724968e-10
1.122178 7.48145282e-10
1.124814 8.69058266e-10
1.127450 9.98958509e-10
1.130086 1.13837328e-09
1.132722 1.30366281e-09
1.135358 1.48003573e-09
1.137994 1.66748867e-09
1.140630 1.87277790e-09
1.143266 2.11244181e-09
1.145903 2.36607924e-09
1.148539 2.63369193e-09
1.151175 2.93543600e-09
1.153811 3.27900928e-09
1.156447 3.64041621e-09
1.159083 4.01966620e-09
1.161719 4.44804393e-09
1.164355 4.91384691e-09
1.166991 5.43004637e-09
1.169628 5.97931794e-09
1.172264 6.58841369e-09
1.174900 7.22990738e-09
1.177536 7.93889356e-09
1.180172 8.68111610e-09
1.182808 9.48789865e-09
1.185444 1.02196294e-08
1.188080 1.04667259e-08
1.190716 1.09376780e-08
1.193352 1.19184398e-08
1.195989 1.29203612e-08
1.198625 1.39346962e-08
1.201261 1.49462530e-08
1.203897 1.59497453e-08
1.206533 1.69237152e-08
1.209169 1.78806534e-08
1.211805 1.87903289e-08
1.214441 1.96861608e-08
1.217077 2.04750302e-08
1.219713 2.12340171e-08
1.222350 2.18174838e-08
1.224986 2.23838859e-08
1.227622 2.28954560e-08
1.230258 2.33800001e-08
1.232894 2.37508404e-08
1.235530 2.41125155e-08
1.238166 2.44548851e-08
1.240802 2.47772783e-08
1.243438 2.50668297e-08
1.246074 2.53424759e-08
1.248711 2.56042788e-08
1.251347 2.59223296e-08
1.253983 2.62918910e-08
1.256619 2.66454260e-08
1.259255 2.69830415e-08
1.261891 2.74958559e-08
1.264527 2.80668521e-08
1.267163 2.86207369e-08
1.269799 2.91576907e-08
1.272436 2.99965371e-08
1.275072 3.08434745e-08
1.277708 3.16724728e-08
1.280344 3.25486129e-08
1.282980 3.38369092e-08
1.285616 3.51037239e-08
1.288252 3.63494739e-08
1.290888 3.77715631e-08
1.293524 3.95568072e-08
1.296160 4.13160177e-08
1.298797 4.30497731e-08
1.301433 4.51174596e-08
1.304069 4.74559733e-08
1.306705 4.97627928e-08
1.309341 5.20386720e-08
1.311977 5.48808562e-08
1.314613 5.78825867e-08
1.317249 6.08445883e-08
1.319885 6.37678266e-08
1.322521 6.75178204e-08
1.325158 7.12565808e-08
1.327794 7.49457241e-08
1.330430 7.87520863e-08
1.333066 8.33514542e-08
1.335702 8.78877493e-08
1.338338 9.23624509e-08
1.340974 9.71476551e-08
1.343610 1.02493755e-07
1.346246 1.07764315e-07
1.348883 1.12961050e-07
1.351519 1.18611004e-07
1.354155 1.24562339e-07
1.356791 1.30426402e-07
1.359427 1.36205099e-07
1.362063 1.42420361e-07
1.364699 1.48683961e-07
1.367335 1.54851698e-07
1.369971 1.60925572e-07
1.372607 1.67225472e-07
1.375244 1.73427338e-07
1.377880 1.79529640e-07
1.380516 1.85509420e-07
1.383152 1.91288754e-07
1.385788 1.96970570e-07
1.388424 2.02556736e-07
1.391060 2.07857650e-07
1.393696 2.12784803e-07
1.396332 2.17625624e-07
1.398968 2.22381717e-07
1.401605 2.26676003e-07
1.404241 2.30653198e-07
1.406877 2.34560003e-07
1.409513 2.38397719e-07
1.412149 2.41743883e-07
1.414785 2.44938251e-07
1.417421 2.48079037e-07
1.420057 2.51162472e-07
1.422693 2.53983383e-07
1.425330 2.56764049e-07
1.427966 2.59505353e-07
1.430602 2.62250825e-07
1.433238 2.65107018e-07
1.435874 2.67933118e-07
1.438510 2.70729956e-07
1.441146 2.73793598e-07
1.443782 2.77214854e-07
1.446418 2.80611352e-07
1.449054 2.83983995e-07
1.451691 2.88178494e-07
1.454327 2.92820404e-07
1.456963 2.97437649e-07
1.459599 3.02031358e-07
1.462235 3.08438417e-07
1.464871 3.15144542e-07
1.467507 3.21821020e-07
1.470143 3.28626293e-07
1.472779 3.38134290e-07
1.475415 3.47615973e-07
1.478052 3.57073381e-07
1.480688 3.74496800e-07
1.483324 4.14221602e-07
1.485960 4.53439755e-07
1.488596 4.92161310e-07
1.491232 5.26586994e-07
1.493868 5.56179247e-07
1.496504 5.85281461e-07
1.499140 6.13901690e-07
1.501777 6.34967646e-07
1.504413 6.52282685e-07
1.507049 6.69305468e-07
1.509685 6.86040852e-07
1.512321 6.96003070e-07
1.514957 7.04879744e-07
1.517593 7.13559989e-07
1.520229 7.21490338e-07
1.522865 7.23426124e-07
1.525501 7.25242445e-07
1.528138 7.26940578e-07
1.530774 7.27376783e-07
1.533410 7.24973121e-07
1.536046 7.22504182e-07
1.538682 7.19970229e-07
1.541318 7.16512786e-07
1.543954 7.12156751e-07
1.546590 7.07768931e-07
1.549226 7.03349102e-07
1.551862 6.98589870e-07
1.554499 6.93689981e-07
1.557135 6.88779972e-07
1.559771 6.83859436e-07
1.562407 6.79121013e-07
1.565043 6.74406523e-07
1.567679 6.69697897e-07
1.570315 6.65054478e-07
1.572951 6.60865318e-07
1.575587 6.56696850e-07
1.578223 6.52548647e-07
1.580860 6.48658403e-07
1.583496 6.45289865e-07
1.586132 6.41955735e-07
1.588768 6.38655660e-07
1.591404 6.35943090e-07
1.594040 6.33760173e-07
1.596676 6.31623820e-07
1.599312 6.29533811e-07
1.601948 6.28553901e-07
1.604585 6.28003245e-07
1.607221 6.27507477e-07
1.609857 6.27066595e-07
1.612493 6.29712821e-07
1.615129 6.32564334e-07
1.617765 6.35446851e-07
1.620401 6.38719079e-07
1.623037 6.44012616e-07
1.625673 6.49329290e-07
1.628309 6.54670193e-07
1.630946 6.60564701e-07
1.633582 6.67421452e-07
1.636218 6.74293149e-07
1.638854 6.81181164e-07
1.641490 6.88392645e-07
1.644126 6.95846547e-07
1.646762 7.03305858e-07
1.649398 7.10772085e-07
1.652034 7.17898178e-07
1.654670 7.24916557e-07
1.657307 7.31929933e-07
1.659943 7.38939790e-07
1.662579 7.44706342e-07
1.665215 7.50429360e-07
1.667851 7.56137590e-07
1.670487 7.61493678e-07
1.673123 7.65338733e-07
1.675759 7.69164822e-07
1.678395 7.72972991e-07
1.681032 7.76118604e-07
1.683668 7.78164984e-07
1.686304 7.80083238e-07
1.688940 7.81874700e-07
1.691576 7.87650570e-07
1.694212 7.96087287e-07
1.696848 8.04427234e-07
1.699484 8.12672657e-07
1.702120 8.19243371e-07
1.704756 8.25376391e-07
1.707393 8.31462363e-07
1.710029 8.37485721e-07
1.712665 8.41901998e-07
1.715301 8.46281404e-07
1.717937 8.50625270e-07
1.720573 8.54588748e-07
1.723209 8.57277014e-07
1.725845 8.59939897e-07
1.728481 8.62578404e-07
1.731117 8.64628516e-07
1.733754 8.65893789e-07
1.736390 8.67145042e-07
1.739026 8.68383006e-07
1.741662 8.68967068e-07
1.744298 8.69170199e-07
1.746934 8.69370446e-07
1.749570 8.69568313e-07
1.752206 8.69140502e-07
1.754842 8.68597553e-07
1.757479 8.68062013e-07
1.760115 8.67511279e-07
1.762751 8.66468224e-07
1.765387 8.65441379e-07
1.768023 8.64430935e-07
1.770659 8.63350200e-07
1.773295 8.62029850e-07
1.775931 8.60733220e-07
1.778567 8.59460408e-07
1.781203 8.58130432e-07
1.783840 8.56731736e-07
1.786476 8.55362309e-07
1.789112 8.54022190e-07
1.791748 8.52728322e-07
1.794384 8.51475125e-07
1.797020 8.50254585e-07
1.799656 8.49066733e-07
1.802292 8.48112017e-07
1.804928 8.47221324e-07
1.807564 8.46364740e-07
1.810201 8.45574727e-07
1.812837 8.45211913e-07
1.815473 8.44882848e-07
1.818109 8.44587685e-07
1.820745 8.44483562e-07
1.823381 8.44810906e-07
1.826017 8.45170785e-07
1.828653 8.45563474e-07
1.831289 8.46294245e-07
1.833926 8.47374809e-07
1.836562 8.48486270e-07
1.839198 8.49629038e-07
1.841834 8.51221547e-07
1.844470 8.53026243e-07
1.847106 8.54860270e-07
1.849742 8.56724178e-07
1.852378 8.59081690e-07
1.855014 8.61517278e-07
1.857650 8.63981228e-07
1.860287 8.66515271e-07
1.862923 8.69414034e-07
1.865559 8.72340271e-07
1.868195 8.75294754e-07
1.870831 8.78343176e-07
1.873467 8.81560779e-07
1.876103 8.84806496e-07
1.878739 8.88081165e-07
1.881375 8.91411681e-07
1.884011 8.94795346e-07
1.886648 8.98208707e-07
1.889284 9.01652630e-07
1.891920 9.05074906e-07
1.894556 9.08508756e-07
1.897192 9.11974706e-07
1.899828 9.15473621e-07
1.902464 9.18855625e-07
1.905100 9.22261448e-07
1.907736 9.25702436e-07
1.910372 9.29152160e-07
1.913009 9.32473198e-07
1.915645 9.35832223e-07
1.918281 9.39230035e-07
1.920917 9.42604002e-07
1.923553 9.45899948e-07
1.926189 9.49237843e-07
1.928825 9.52618448e-07
1.931461 9.55968934e-07
1.934097 9.59305491e-07
1.936734 9.62688291e-07
1.939370 9.66118057e-07
1.942006 9.69549773e-07
1.944642 9.73016862e-07
1.947278 9.76534575e-07
1.949914 9.80103610e-07
1.952550 9.83752452e-07
1.955186 9.87456625e-07
1.957822 9.91215905e-07
1.960458 9.95049545e-07
1.963095 9.99028995e-07
1.965731 1.00306755e-06
1.968367 1.00716591e-06
1.971003 1.01140011e-06
1.973639 1.01581965e-06
1.976275 1.02030319e-06
1.978911 1.02485144e-06
1.981547 1.02962024e-06
1.984183 1.03456611e-06
1.986819 1.03958110e-06
1.989456 1.04466596e-06
1.992092 1.05008254e-06
1.994728 1.05564061e-06
1.997364 1.06127326e-06
2.000000 1.06698131e-06
