1.080000 7.74841726e-08
1.082636 1.11743669e-07
1.085272 1.46394565e-07
1.087908 1.81437171e-07
1.090544 2.16653405e-07
1.093181 2.51415594e-07
1.095817 2.86558563e-07
1.098453 3.22082742e-07
1.101089 3.59433397e-07
1.103725 3.99246957e-07
1.106361 4.39482296e-07
1.108997 4.80140011e-07
1.111633 5.24988598e-07
1.114269 5.72628426e-07
1.116905 6.20759340e-07
1.119542 6.69382157e-07
1.122178 7.25965234e-07
1.124814 7.84702922e-07
1.127450 8.44032641e-07
1.130086 9.04376650e-07
1.132722 9.77879895e-07
1.135358 1.05211609e-06
1.137994 1.12708670e-06
1.140630 1.20712883e-06
1.143266 1.30182101e-06
1.145903 1.39744222e-06
1.148539 1.49399449e-06
1.151175 1.60243121e-06
1.153811 1.72560853e-06
1.156447 1.84997687e-06
1.159083 1.97553901e-06
1.161719 2.11711649e-06
1.164355 2.26798736e-06
1.166991 2.43323318e-06
1.169628 2.60425739e-06
1.172264 2.79198901e-06
1.174900 2.98398594e-06
1.177536 3.19407690e-06
1.180172 3.40770665e-06
1.182808 3.63665736e-06
1.185444 3.86882757e-06
1.188080 4.10863439e-06
1.190716 4.35175869e-06
1.193352 4.59987544e-06
1.195989 4.84656373e-06
1.198625 5.08931421e-06
1.201261 5.32369339e-06
1.203897 5.54859308e-06
1.206533 5.75542612e-06
1.209169 5.94955247e-06
1.211805 6.12352407e-06
1.214441 6.27150001e-06
1.217077 6.39518000e-06
1.219713 6.49419906e-06
1.222350 6.55790863e-06
1.224986 6.61805659e-06
1.227622 6.64127631e-06
1.230258 6.65521579e-06
1.232894 6.64185498e-06
1.235530 6.62361929e-06
1.238166 6.58696059e-06
1.240802 6.54514897e-06
1.243438 6.49221243e-06
1.246074 6.43854941e-06
1.248711 6.38415858e-06
1.251347 6.33050880e-06
1.253983 6.27754498e-06
1.256619 6.22386121e-06
1.259255 6.16945644e-06
1.261891 6.12778288e-06
1.264527 6.09081453e-06
1.267163 6.05327260e-06
1.269799 6.01515697e-06
1.272436 5.99995633e-06
1.275072 5.98631284e-06
1.277708 5.97230108e-06
1.280344 5.96141558e-06
1.282980 5.97356768e-06
1.285616 5.98555814e-06
1.288252 5.99738977e-06
1.290888 6.01780417e-06
1.293524 6.05538558e-06
1.296160 6.09300427e-06
1.298797 6.13066486e-06
1.301433 6.18156476e-06
1.304069 6.24372514e-06
1.306705 6.30610799e-06
1.309341 6.36871977e-06
1.311977 6.44809428e-06
1.314613 6.53333780e-06
1.317249 6.61896652e-06
1.319885 6.70498894e-06
1.322521 6.80955300e-06
1.325158 6.91545096e-06
1.327794 7.02187124e-06
1.330430 7.13110658e-06
1.333066 7.25262968e-06
1.335702 7.37475912e-06
1.338338 7.49750779e-06
1.340974 7.62339428e-06
1.343610 7.75419401e-06
1.346246 7.88564387e-06
1.348883 8.01775850e-06
1.351519 8.14927472e-06
1.354155 8.28048292e-06
1.356791 8.41232258e-06
1.359427 8.54480957e-06
1.362063 8.66797395e-06
1.364699 8.78890846e-06
1.367335 8.91038684e-06
1.369971 9.03242524e-06
1.372607 9.13363179e-06
1.375244 9.23499070e-06
1.377880 9.33675181e-06
1.380516 9.43398421e-06
1.383152 9.51118794e-06
1.385788 9.58862746e-06
1.388424 9.66631669e-06
1.391060 9.73600000e-06
1.393696 9.79355996e-06
1.396332 9.85125475e-06
1.398968 9.90909592e-06
1.401605 9.96219385e-06
1.404241 1.00122755e-05
1.406877 1.00624926e-05
1.409513 1.01128545e-05
1.412149 1.01699084e-05
1.414785 1.02286850e-05
1.417421 1.02877180e-05
1.420057 1.03475398e-05
1.422693 1.04313535e-05
1.425330 1.05156544e-05
1.427966 1.06004498e-05
1.430602 1.06948012e-05
1.433238 1.08204716e-05
1.435874 1.09469810e-05
1.438510 1.10743372e-05
1.441146 1.12271163e-05
1.443782 1.14130173e-05
1.446418 1.16002377e-05
1.449054 1.17887874e-05
1.451691 1.20295616e-05
1.454327 1.23006554e-05
1.456963 1.25737317e-05
1.459599 1.28488040e-05
1.462235 1.32227348e-05
1.464871 1.36168944e-05
1.467507 1.40139863e-05
1.470143 1.44245825e-05
1.472779 1.50225745e-05
1.475415 1.56250843e-05
1.478052 1.62321391e-05
1.480688 1.69094868e-05
1.483324 1.77788389e-05
1.485960 1.86547617e-05
1.488596 1.95373436e-05
1.491232 2.01300273e-05
1.493868 2.03878640e-05
1.496504 2.06476331e-05
1.499140 2.09093944e-05
1.501777 2.11166790e-05
1.504413 2.12981139e-05
1.507049 2.14809717e-05
1.509685 2.16652883e-05
1.512321 2.16730789e-05
1.514957 2.16566856e-05
1.517593 2.16402048e-05
1.520229 2.16090393e-05
1.522865 2.14236184e-05
1.525501 2.12367752e-05
1.528138 2.10485123e-05
1.530774 2.08372310e-05
1.533410 2.05721208e-05
1.536046 2.03049564e-05
1.538682 2.00357321e-05
1.541318 1.97679727e-05
1.543954 1.95016762e-05
1.546590 1.92333044e-05
1.549226 1.89628481e-05
1.551862 1.87276243e-05
1.554499 1.85061192e-05
1.557135 1.82828731e-05
1.559771 1.80578767e-05
1.562407 1.78997043e-05
1.565043 1.77468199e-05
1.567679 1.75927075e-05
1.570315 1.74477846e-05
1.572951 1.73787453e-05
1.575587 1.73090985e-05
1.578223 1.72388384e-05
1.580860 1.71997948e-05
1.583496 1.72263986e-05
1.586132 1.72530950e-05
1.588768 1.72798807e-05
1.591404 1.73647717e-05
1.594040 1.75012822e-05
1.596676 1.76386861e-05
1.599312 1.77769832e-05
1.601948 1.80025194e-05
1.604585 1.82601927e-05
1.607221 1.85196466e-05
1.609857 1.87808848e-05
1.612493 1.91476254e-05
1.615129 1.95230408e-05
1.617765 1.99012063e-05
1.620401 2.02982469e-05
1.623037 2.07883401e-05
1.625673 2.12820889e-05
1.628309 2.17795091e-05
1.630946 2.22965280e-05
1.633582 2.28459716e-05
1.636218 2.33995382e-05
1.638854 2.39572461e-05
1.641490 2.45089431e-05
1.644126 2.50569384e-05
1.646762 2.56090589e-05
1.649398 2.61653237e-05
1.652034 2.66646442e-05
1.654670 2.71495917e-05
1.657307 2.76381958e-05
1.659943 2.81304739e-05
1.662579 2.85067608e-05
1.665215 2.88832219e-05
1.667851 2.92625211e-05
1.670487 2.96207116e-05
1.673123 2.98754756e-05
1.675759 3.01321334e-05
1.678395 3.03906946e-05
1.681032 3.04773205e-05
1.683668 3.02934601e-05
1.686304 3.01086835e-05
1.688940 2.99229945e-05
1.691576 3.00135349e-05
1.694212 3.02924269e-05
1.696848 3.05739578e-05
1.699484 3.08581462e-05
1.702120 3.11569150e-05
1.704756 3.14611229e-05
1.707393 3.17678728e-05
1.710029 3.20764012e-05
1.712665 3.23164084e-05
1.715301 3.25583847e-05
1.717937 3.28023408e-05
1.720573 3.30333851e-05
1.723209 3.32124161e-05
1.725845 3.33928561e-05
1.728481 3.35747125e-05
1.731117 3.37365561e-05
1.733754 3.38703645e-05
1.736390 3.40051391e-05
1.739026 3.41408844e-05
1.741662 3.42582942e-05
1.744298 3.43651025e-05
1.746934 3.44725730e-05
1.749570 3.45807079e-05
1.752206 3.46762985e-05
1.754842 3.47697967e-05
1.757479 3.48637605e-05
1.760115 3.49579471e-05
1.762751 3.50471797e-05
1.765387 3.51367599e-05
1.768023 3.52266875e-05
1.770659 3.53171811e-05
1.773295 3.54086409e-05
1.775931 3.55003873e-05
1.778567 3.55924194e-05
1.781203 3.56871446e-05
1.783840 3.57850133e-05
1.786476 3.58831546e-05
1.789112 3.59815672e-05
1.791748 3.60871306e-05
1.794384 3.61965021e-05
1.797020 3.63061927e-05
1.799656 3.64162010e-05
1.802292 3.65400384e-05
1.804928 3.66663260e-05
1.807564 3.67930440e-05
1.810201 3.69217345e-05
1.812837 3.70696871e-05
1.815473 3.72182468e-05
1.818109 3.73674138e-05
1.820745 3.75237491e-05
1.823381 3.76974885e-05
1.826017 3.78720576e-05
1.828653 3.80474577e-05
1.831289 3.82354597e-05
1.833926 3.84367692e-05
1.836562 3.86391580e-05
1.839198 3.88426285e-05
1.841834 3.90620830e-05
1.844470 3.92893385e-05
1.847106 3.95179152e-05
1.849742 3.97478169e-05
1.852378 3.99944189e-05
1.855014 4.02442065e-05
1.857650 4.04955274e-05
1.860287 4.07495821e-05
1.862923 4.10150647e-05
1.865559 4.12822365e-05
1.868195 4.15511028e-05
1.870831 4.18228383e-05
1.873467 4.20988664e-05
1.876103 4.23766776e-05
1.878739 4.26562777e-05
1.881375 4.29365827e-05
1.884011 4.32176969e-05
1.886648 4.35006279e-05
1.889284 4.37853814e-05
1.891920 4.40674241e-05
1.894556 4.43495734e-05
1.897192 4.46335237e-05
1.899828 4.49192805e-05
1.902464 4.51986811e-05
1.905100 4.54792571e-05
1.907736 4.57615811e-05
1.910372 4.60444558e-05
1.913009 4.63217296e-05
1.915645 4.66006798e-05
1.918281 4.68813113e-05
1.920917 4.71612460e-05
1.923553 4.74383477e-05
1.926189 4.77170623e-05
1.928825 4.79973942e-05
1.931461 4.82774938e-05
1.934097 4.85576813e-05
1.936734 4.88394376e-05
1.939370 4.91227666e-05
1.942006 4.94080832e-05
1.944642 4.96950826e-05
1.947278 4.99836361e-05
1.949914 5.02737474e-05
1.952550 5.05702309e-05
1.955186 5.08684495e-05
1.957822 5.11682450e-05
1.960458 5.14711958e-05
1.963095 5.17832361e-05
1.965731 5.20969074e-05
1.968367 5.24122135e-05
1.971003 5.27342100e-05
1.973639 5.30661334e-05
1.976275 5.33997858e-05
1.978911 5.37351711e-05
1.981547 5.40818999e-05
1.984183 5.44372196e-05
1.986819 5.47943979e-05
1.989456 5.51534390e-05
1.992092 5.55296600e-05
1.994728 5.59118659e-05
1.997364 5.62960906e-05
2.000000 5.66823385e-05
