     Q**2          x         u           d           g          ub          db          sb          s          cb          c          bb          b
    99.900     0.010    0.608E+00    0.544E+00    0.674E+01    0.403E+00    0.424E+00    0.305E+00    0.305E+00    0.233E+00    0.233E+00    0.816E-01    0.816E-01
    99.900     0.020    0.591E+00    0.504E+00    0.470E+01    0.302E+00    0.323E+00    0.217E+00    0.217E+00    0.154E+00    0.154E+00    0.504E-01    0.504E-01
    99.900     0.030    0.595E+00    0.486E+00    0.360E+01    0.245E+00    0.267E+00    0.169E+00    0.169E+00    0.111E+00    0.111E+00    0.350E-01    0.350E-01
    99.900     0.040    0.606E+00    0.476E+00    0.295E+01    0.210E+00    0.232E+00    0.141E+00    0.141E+00    0.869E-01    0.869E-01    0.269E-01    0.269E-01
    99.900     0.050    0.615E+00    0.466E+00    0.245E+01    0.181E+00    0.206E+00    0.119E+00    0.119E+00    0.687E-01    0.687E-01    0.209E-01    0.209E-01
    99.900     0.060    0.622E+00    0.455E+00    0.207E+01    0.158E+00    0.185E+00    0.102E+00    0.102E+00    0.557E-01    0.557E-01    0.168E-01    0.168E-01
    99.900     0.070    0.628E+00    0.445E+00    0.177E+01    0.139E+00    0.169E+00    0.889E-01    0.889E-01    0.458E-01    0.458E-01    0.137E-01    0.137E-01
    99.900     0.080    0.631E+00    0.434E+00    0.152E+01    0.122E+00    0.154E+00    0.779E-01    0.779E-01    0.379E-01    0.379E-01    0.113E-01    0.113E-01
    99.900     0.090    0.634E+00    0.423E+00    0.132E+01    0.108E+00    0.141E+00    0.688E-01    0.688E-01    0.317E-01    0.317E-01    0.939E-02    0.939E-02
    99.900     0.100    0.635E+00    0.411E+00    0.115E+01    0.954E-01    0.130E+00    0.611E-01    0.611E-01    0.268E-01    0.268E-01    0.789E-02    0.789E-02
    99.900     0.110    0.635E+00    0.399E+00    0.101E+01    0.849E-01    0.119E+00    0.544E-01    0.544E-01    0.227E-01    0.227E-01    0.668E-02    0.668E-02
    99.900     0.120    0.633E+00    0.388E+00    0.885E+00    0.759E-01    0.109E+00    0.487E-01    0.487E-01    0.195E-01    0.195E-01    0.570E-02    0.570E-02
    99.900     0.130    0.631E+00    0.376E+00    0.783E+00    0.682E-01    0.996E-01    0.436E-01    0.436E-01    0.167E-01    0.167E-01    0.489E-02    0.489E-02
    99.900     0.140    0.627E+00    0.364E+00    0.695E+00    0.615E-01    0.908E-01    0.391E-01    0.391E-01    0.145E-01    0.145E-01    0.422E-02    0.422E-02
    99.900     0.150    0.623E+00    0.353E+00    0.619E+00    0.557E-01    0.825E-01    0.352E-01    0.352E-01    0.126E-01    0.126E-01    0.366E-02    0.366E-02
    99.900     0.160    0.617E+00    0.341E+00    0.554E+00    0.505E-01    0.748E-01    0.317E-01    0.317E-01    0.110E-01    0.110E-01    0.318E-02    0.318E-02
    99.900     0.170    0.610E+00    0.330E+00    0.497E+00    0.460E-01    0.677E-01    0.285E-01    0.285E-01    0.963E-02    0.963E-02    0.278E-02    0.278E-02
    99.900     0.180    0.602E+00    0.319E+00    0.447E+00    0.419E-01    0.610E-01    0.257E-01    0.257E-01    0.846E-02    0.846E-02    0.243E-02    0.243E-02
    99.900     0.190    0.594E+00    0.308E+00    0.403E+00    0.383E-01    0.549E-01    0.231E-01    0.231E-01    0.746E-02    0.746E-02    0.214E-02    0.214E-02
    99.900     0.200    0.584E+00    0.297E+00    0.364E+00    0.350E-01    0.493E-01    0.208E-01    0.208E-01    0.659E-02    0.659E-02    0.188E-02    0.188E-02
    99.900     0.210    0.574E+00    0.286E+00    0.330E+00    0.319E-01    0.441E-01    0.187E-01    0.187E-01    0.583E-02    0.583E-02    0.166E-02    0.166E-02
    99.900     0.220    0.563E+00    0.275E+00    0.299E+00    0.292E-01    0.394E-01    0.168E-01    0.168E-01    0.517E-02    0.517E-02    0.146E-02    0.146E-02
    99.900     0.230    0.551E+00    0.265E+00    0.272E+00    0.266E-01    0.352E-01    0.151E-01    0.151E-01    0.459E-02    0.459E-02    0.129E-02    0.129E-02
    99.900     0.240    0.538E+00    0.254E+00    0.247E+00    0.243E-01    0.313E-01    0.136E-01    0.136E-01    0.408E-02    0.408E-02    0.114E-02    0.114E-02
    99.900     0.250    0.525E+00    0.244E+00    0.225E+00    0.221E-01    0.278E-01    0.122E-01    0.122E-01    0.363E-02    0.363E-02    0.101E-02    0.101E-02
    99.900     0.260    0.512E+00    0.234E+00    0.205E+00    0.201E-01    0.247E-01    0.109E-01    0.109E-01    0.323E-02    0.323E-02    0.897E-03    0.897E-03
    99.900     0.270    0.498E+00    0.224E+00    0.187E+00    0.182E-01    0.219E-01    0.974E-02    0.974E-02    0.287E-02    0.287E-02    0.794E-03    0.794E-03
    99.900     0.280    0.484E+00    0.214E+00    0.171E+00    0.165E-01    0.194E-01    0.870E-02    0.870E-02    0.255E-02    0.255E-02    0.703E-03    0.703E-03
    99.900     0.290    0.470E+00    0.204E+00    0.156E+00    0.149E-01    0.171E-01    0.776E-02    0.776E-02    0.227E-02    0.227E-02    0.623E-03    0.623E-03
    99.900     0.300    0.455E+00    0.194E+00    0.142E+00    0.134E-01    0.151E-01    0.690E-02    0.690E-02    0.202E-02    0.202E-02    0.551E-03    0.551E-03
    99.900     0.310    0.440E+00    0.185E+00    0.130E+00    0.120E-01    0.133E-01    0.614E-02    0.614E-02    0.179E-02    0.179E-02    0.487E-03    0.487E-03
    99.900     0.320    0.425E+00    0.175E+00    0.118E+00    0.107E-01    0.117E-01    0.544E-02    0.544E-02    0.159E-02    0.159E-02    0.430E-03    0.430E-03
    99.900     0.330    0.410E+00    0.166E+00    0.108E+00    0.957E-02    0.103E-01    0.482E-02    0.482E-02    0.140E-02    0.140E-02    0.379E-03    0.379E-03
    99.900     0.340    0.395E+00    0.157E+00    0.981E-01    0.851E-02    0.905E-02    0.426E-02    0.426E-02    0.124E-02    0.124E-02    0.334E-03    0.334E-03
    99.900     0.350    0.380E+00    0.148E+00    0.893E-01    0.755E-02    0.794E-02    0.375E-02    0.375E-02    0.110E-02    0.110E-02    0.294E-03    0.294E-03
    99.900     0.360    0.365E+00    0.139E+00    0.812E-01    0.667E-02    0.695E-02    0.330E-02    0.330E-02    0.965E-03    0.965E-03    0.258E-03    0.258E-03
    99.900     0.370    0.350E+00    0.131E+00    0.738E-01    0.588E-02    0.607E-02    0.290E-02    0.290E-02    0.848E-03    0.848E-03    0.227E-03    0.227E-03
    99.900     0.380    0.335E+00    0.123E+00    0.669E-01    0.516E-02    0.530E-02    0.254E-02    0.254E-02    0.744E-03    0.744E-03    0.198E-03    0.198E-03
    99.900     0.390    0.321E+00    0.115E+00    0.606E-01    0.452E-02    0.462E-02    0.222E-02    0.222E-02    0.652E-03    0.652E-03    0.173E-03    0.173E-03
    99.900     0.400    0.306E+00    0.107E+00    0.548E-01    0.395E-02    0.401E-02    0.193E-02    0.193E-02    0.569E-03    0.569E-03    0.151E-03    0.151E-03
    99.900     0.410    0.292E+00    0.998E-01    0.495E-01    0.344E-02    0.348E-02    0.168E-02    0.168E-02    0.496E-03    0.496E-03    0.132E-03    0.132E-03
    99.900     0.420    0.278E+00    0.927E-01    0.447E-01    0.298E-02    0.301E-02    0.146E-02    0.146E-02    0.430E-03    0.430E-03    0.114E-03    0.114E-03
    99.900     0.430    0.264E+00    0.859E-01    0.402E-01    0.258E-02    0.260E-02    0.126E-02    0.126E-02    0.373E-03    0.373E-03    0.990E-04    0.990E-04
    99.900     0.440    0.251E+00    0.794E-01    0.361E-01    0.222E-02    0.224E-02    0.109E-02    0.109E-02    0.322E-03    0.322E-03    0.855E-04    0.855E-04
    99.900     0.450    0.238E+00    0.732E-01    0.324E-01    0.191E-02    0.192E-02    0.933E-03    0.933E-03    0.277E-03    0.277E-03    0.737E-04    0.737E-04
    99.900     0.460    0.225E+00    0.673E-01    0.290E-01    0.164E-02    0.164E-02    0.799E-03    0.799E-03    0.238E-03    0.238E-03    0.634E-04    0.634E-04
    99.900     0.470    0.213E+00    0.617E-01    0.259E-01    0.140E-02    0.140E-02    0.682E-03    0.682E-03    0.203E-03    0.203E-03    0.544E-04    0.544E-04
    99.900     0.480    0.201E+00    0.564E-01    0.230E-01    0.119E-02    0.119E-02    0.581E-03    0.581E-03    0.173E-03    0.173E-03    0.465E-04    0.465E-04
    99.900     0.490    0.189E+00    0.514E-01    0.205E-01    0.101E-02    0.101E-02    0.492E-03    0.492E-03    0.147E-03    0.147E-03    0.396E-04    0.396E-04
    99.900     0.500    0.177E+00    0.468E-01    0.181E-01    0.854E-03    0.854E-03    0.416E-03    0.416E-03    0.124E-03    0.124E-03    0.336E-04    0.336E-04
    99.900     0.510    0.166E+00    0.424E-01    0.160E-01    0.718E-03    0.719E-03    0.350E-03    0.350E-03    0.105E-03    0.105E-03    0.285E-04    0.285E-04
    99.900     0.520    0.156E+00    0.384E-01    0.141E-01    0.603E-03    0.603E-03    0.294E-03    0.294E-03    0.877E-04    0.877E-04    0.240E-04    0.240E-04
    99.900     0.530    0.145E+00    0.346E-01    0.124E-01    0.503E-03    0.503E-03    0.245E-03    0.245E-03    0.731E-04    0.731E-04    0.202E-04    0.202E-04
    99.900     0.540    0.136E+00    0.311E-01    0.109E-01    0.418E-03    0.418E-03    0.204E-03    0.204E-03    0.607E-04    0.607E-04    0.169E-04    0.169E-04
    99.900     0.550    0.126E+00    0.279E-01    0.951E-02    0.346E-03    0.346E-03    0.169E-03    0.169E-03    0.502E-04    0.502E-04    0.141E-04    0.141E-04
    99.900     0.560    0.117E+00    0.249E-01    0.829E-02    0.285E-03    0.285E-03    0.139E-03    0.139E-03    0.412E-04    0.412E-04    0.117E-04    0.117E-04
    99.900     0.570    0.108E+00    0.222E-01    0.720E-02    0.234E-03    0.234E-03    0.114E-03    0.114E-03    0.337E-04    0.337E-04    0.970E-05    0.970E-05
    99.900     0.580    0.100E+00    0.197E-01    0.623E-02    0.191E-03    0.191E-03    0.928E-04    0.928E-04    0.273E-04    0.273E-04    0.799E-05    0.799E-05
    99.900     0.590    0.923E-01    0.175E-01    0.537E-02    0.155E-03    0.155E-03    0.753E-04    0.753E-04    0.221E-04    0.221E-04    0.656E-05    0.656E-05
    99.900     0.600    0.848E-01    0.154E-01    0.461E-02    0.125E-03    0.125E-03    0.606E-04    0.606E-04    0.177E-04    0.177E-04    0.535E-05    0.535E-05
    99.900     0.610    0.778E-01    0.135E-01    0.395E-02    0.100E-03    0.100E-03    0.486E-04    0.486E-04    0.141E-04    0.141E-04    0.434E-05    0.434E-05
    99.900     0.620    0.711E-01    0.119E-01    0.336E-02    0.801E-04    0.801E-04    0.387E-04    0.387E-04    0.111E-04    0.111E-04    0.351E-05    0.351E-05
    99.900     0.630    0.648E-01    0.104E-01    0.286E-02    0.635E-04    0.635E-04    0.306E-04    0.306E-04    0.870E-05    0.870E-05    0.282E-05    0.282E-05
    99.900     0.640    0.589E-01    0.902E-02    0.241E-02    0.500E-04    0.500E-04    0.240E-04    0.240E-04    0.674E-05    0.674E-05    0.225E-05    0.225E-05
    99.900     0.650    0.533E-01    0.782E-02    0.203E-02    0.391E-04    0.391E-04    0.187E-04    0.187E-04    0.519E-05    0.519E-05    0.179E-05    0.179E-05
    99.900     0.660    0.481E-01    0.675E-02    0.170E-02    0.303E-04    0.303E-04    0.145E-04    0.145E-04    0.394E-05    0.394E-05    0.141E-05    0.141E-05
    99.900     0.670    0.432E-01    0.581E-02    0.142E-02    0.233E-04    0.233E-04    0.111E-04    0.111E-04    0.297E-05    0.297E-05    0.110E-05    0.110E-05
    99.900     0.680    0.387E-01    0.499E-02    0.118E-02    0.178E-04    0.178E-04    0.843E-05    0.843E-05    0.220E-05    0.220E-05    0.856E-06    0.856E-06
    99.900     0.690    0.345E-01    0.426E-02    0.969E-03    0.134E-04    0.134E-04    0.633E-05    0.633E-05    0.161E-05    0.161E-05    0.660E-06    0.660E-06
    99.900     0.700    0.307E-01    0.362E-02    0.794E-03    0.100E-04    0.100E-04    0.471E-05    0.471E-05    0.116E-05    0.116E-05    0.505E-06    0.505E-06
    99.900     0.710    0.271E-01    0.307E-02    0.647E-03    0.740E-05    0.740E-05    0.345E-05    0.345E-05    0.817E-06    0.817E-06    0.382E-06    0.382E-06
    99.900     0.720    0.238E-01    0.259E-02    0.524E-03    0.543E-05    0.543E-05    0.251E-05    0.251E-05    0.567E-06    0.567E-06    0.287E-06    0.287E-06
    99.900     0.730    0.208E-01    0.218E-02    0.421E-03    0.390E-05    0.390E-05    0.179E-05    0.179E-05    0.380E-06    0.380E-06    0.213E-06    0.213E-06
    99.900     0.740    0.181E-01    0.182E-02    0.336E-03    0.278E-05    0.278E-05    0.126E-05    0.126E-05    0.248E-06    0.248E-06    0.156E-06    0.156E-06
    99.900     0.750    0.157E-01    0.152E-02    0.267E-03    0.195E-05    0.195E-05    0.872E-06    0.872E-06    0.155E-06    0.155E-06    0.113E-06    0.113E-06
    99.900     0.760    0.135E-01    0.126E-02    0.209E-03    0.134E-05    0.134E-05    0.591E-06    0.591E-06    0.906E-07    0.906E-07    0.809E-07    0.809E-07
    99.900     0.770    0.115E-01    0.104E-02    0.163E-03    0.912E-06    0.912E-06    0.394E-06    0.394E-06    0.489E-07    0.489E-07    0.572E-07    0.572E-07
    99.900     0.780    0.971E-02    0.849E-03    0.126E-03    0.601E-06    0.601E-06    0.253E-06    0.253E-06    0.211E-07    0.211E-07    0.395E-07    0.395E-07
    99.900     0.790    0.815E-02    0.692E-03    0.963E-04    0.394E-06    0.394E-06    0.161E-06    0.161E-06    0.636E-08    0.636E-08    0.270E-07    0.270E-07
    99.900     0.800    0.677E-02    0.560E-03    0.727E-04    0.245E-06    0.245E-06    0.961E-07    0.961E-07    0.696E-10    0.696E-10    0.178E-07    0.178E-07
    99.900     0.810    0.557E-02    0.450E-03    0.543E-04    0.151E-06    0.151E-06    0.562E-07    0.562E-07    0.000E+00    0.000E+00    0.116E-07    0.116E-07
    99.900     0.820    0.453E-02    0.358E-03    0.399E-04    0.885E-07    0.885E-07    0.303E-07    0.303E-07    0.000E+00    0.000E+00    0.728E-08    0.728E-08
    99.900     0.830    0.364E-02    0.283E-03    0.290E-04    0.496E-07    0.496E-07    0.149E-07    0.149E-07    0.000E+00    0.000E+00    0.441E-08    0.441E-08
    99.900     0.840    0.288E-02    0.221E-03    0.207E-04    0.268E-07    0.268E-07    0.652E-08    0.652E-08    0.000E+00    0.000E+00    0.258E-08    0.258E-08
    99.900     0.850    0.225E-02    0.170E-03    0.144E-04    0.126E-07    0.126E-07    0.165E-08    0.165E-08    0.000E+00    0.000E+00    0.138E-08    0.138E-08
    99.900     0.860    0.172E-02    0.130E-03    0.994E-05    0.600E-08    0.600E-08    0.000E+00    0.000E+00    0.000E+00    0.000E+00    0.720E-09    0.720E-09
    99.900     0.870    0.129E-02    0.965E-04    0.660E-05    0.172E-08    0.172E-08    0.000E+00    0.000E+00    0.000E+00    0.000E+00    0.292E-09    0.292E-09
    99.900     0.880    0.943E-03    0.706E-04    0.431E-05    0.289E-09    0.289E-09    0.000E+00    0.000E+00    0.000E+00    0.000E+00    0.101E-09    0.101E-09
    99.900     0.890    0.670E-03    0.502E-04    0.269E-05    0.000E+00    0.000E+00    0.000E+00    0.000E+00    0.000E+00    0.000E+00    0.111E-10    0.111E-10
    99.900     0.900    0.460E-03    0.347E-04    0.162E-05    0.000E+00    0.000E+00    0.000E+00    0.000E+00    0.000E+00    0.000E+00    0.000E+00    0.000E+00
    99.900     0.910    0.304E-03    0.231E-04    0.930E-06    0.000E+00    0.000E+00    0.000E+00    0.000E+00    0.000E+00    0.000E+00    0.000E+00    0.000E+00
    99.900     0.920    0.190E-03    0.146E-04    0.491E-06    0.000E+00    0.000E+00    0.000E+00    0.000E+00    0.000E+00    0.000E+00    0.000E+00    0.000E+00
    99.900     0.930    0.112E-03    0.872E-05    0.255E-06    0.000E+00    0.000E+00    0.000E+00    0.000E+00    0.000E+00    0.000E+00    0.659E-13    0.659E-13
    99.900     0.940    0.598E-04    0.473E-05    0.108E-06    0.000E+00    0.000E+00    0.000E+00    0.000E+00    0.000E+00    0.000E+00    0.115E-11    0.115E-11
    99.900     0.950    0.287E-04    0.231E-05    0.466E-07    0.000E+00    0.000E+00    0.000E+00    0.000E+00    0.000E+00    0.000E+00    0.210E-11    0.210E-11
    99.900     0.960    0.104E-04    0.861E-06    0.140E-07    0.000E+00    0.000E+00    0.000E+00    0.000E+00    0.000E+00    0.000E+00    0.177E-11    0.177E-11
    99.900     0.970    0.165E-05    0.145E-06    0.529E-09    0.000E+00    0.000E+00    0.000E+00    0.000E+00    0.000E+00    0.000E+00    0.692E-12    0.692E-12
    99.900     0.980    0.000E+00    0.000E+00    0.196E-08    0.000E+00    0.000E+00    0.000E+00    0.000E+00    0.000E+00    0.000E+00    0.000E+00    0.000E+00
    99.900     0.990    0.314E-06    0.000E+00    0.605E-08    0.000E+00    0.000E+00    0.000E+00    0.000E+00    0.000E+00    0.000E+00    0.000E+00    0.000E+00

