# W  sigma_tot[ub/GeV^3]  sigma_T  eps*sigma_L  sigma_L(no-epsilon)  R_LT=sigma_L/sigma_T  dR_LT(=0.3*R_LT)
1.080000 3.45200496e-08 3.41495471e-08 3.70502438e-10 4.58001686e-10 1.34116474e-02 4.02349423e-03
1.084069 6.48608230e-08 6.41419516e-08 7.18871465e-10 8.89029353e-10 1.38603415e-02 4.15810245e-03
1.088138 8.51058868e-08 8.41368271e-08 9.69059713e-10 1.19896168e-09 1.42501413e-02 4.27504240e-03
1.092206 1.05421857e-07 1.04187806e-07 1.23405090e-09 1.52749152e-09 1.46609433e-02 4.39828300e-03
1.096275 1.28888065e-07 1.27334391e-07 1.55367402e-09 1.92396725e-09 1.51095650e-02 4.53286950e-03
1.100344 1.53137297e-07 1.51238593e-07 1.89870414e-09 2.35227549e-09 1.55534077e-02 4.66602230e-03
1.104413 1.78838432e-07 1.76559552e-07 2.27888042e-09 2.82453274e-09 1.59976207e-02 4.79928621e-03
1.108481 2.06111106e-07 2.03415801e-07 2.69530511e-09 3.34216806e-09 1.64302283e-02 4.92906849e-03
1.112550 2.35246802e-07 2.32094568e-07 3.15223343e-09 3.91052511e-09 1.68488437e-02 5.05465311e-03
1.116619 2.66580214e-07 2.62925187e-07 3.65502765e-09 4.53633193e-09 1.72533183e-02 5.17599548e-03
1.120688 3.00454004e-07 2.96244247e-07 4.20975785e-09 5.22720846e-09 1.76449282e-02 5.29347846e-03
1.124756 3.37180818e-07 3.32358188e-07 4.82263003e-09 5.99095833e-09 1.80256077e-02 5.40768231e-03
1.128825 3.77286527e-07 3.71784130e-07 5.50239644e-09 6.83856506e-09 1.83939133e-02 5.51817399e-03
1.132894 4.21164310e-07 4.14907182e-07 6.25712808e-09 7.78018660e-09 1.87516316e-02 5.62548947e-03
1.136963 4.69412392e-07 4.62314629e-07 7.09776253e-09 8.82956712e-09 1.90986107e-02 5.72958321e-03
1.141032 5.22656264e-07 5.14619992e-07 8.03627117e-09 1.00017646e-08 1.94352430e-02 5.83057290e-03
1.145100 5.81494440e-07 5.72409304e-07 9.08513676e-09 1.13125038e-08 1.97629629e-02 5.92888887e-03
1.149169 6.46743474e-07 6.36482199e-07 1.02612749e-08 1.27830635e-08 2.00839293e-02 6.02517878e-03
1.153238 7.19144388e-07 7.07561097e-07 1.15832904e-08 1.44368704e-08 2.04037085e-02 6.12111255e-03
1.157307 7.99496309e-07 7.86430534e-07 1.30657754e-08 1.62923949e-08 2.07168901e-02 6.21506702e-03
1.161375 8.88603847e-07 8.73883010e-07 1.47208366e-08 1.83650452e-08 2.10154506e-02 6.30463517e-03
1.165444 9.87305974e-07 9.70726663e-07 1.65793118e-08 2.06936421e-08 2.13176818e-02 6.39530453e-03
1.169513 1.09611514e-06 1.07744880e-06 1.86663434e-08 2.33099725e-08 2.16344133e-02 6.49032398e-03
1.173582 1.21540811e-06 1.19442835e-06 2.09797615e-08 2.62117667e-08 2.19450307e-02 6.58350920e-03
1.177650 1.34502626e-06 1.32148674e-06 2.35395229e-08 2.94244129e-08 2.22661432e-02 6.67984295e-03
1.181719 1.48425600e-06 1.45790767e-06 2.63483336e-08 3.29517796e-08 2.26021032e-02 6.78063097e-03
1.185788 1.63117672e-06 1.60179292e-06 2.93837967e-08 3.67663384e-08 2.29532406e-02 6.88597219e-03
1.189857 1.78270183e-06 1.75008881e-06 3.26130121e-08 4.08273609e-08 2.33287366e-02 6.99862097e-03
1.193926 1.93740836e-06 1.90138165e-06 3.60267073e-08 4.51236354e-08 2.37320243e-02 7.11960728e-03
1.197994 2.08985029e-06 2.05032605e-06 3.95242412e-08 4.95294330e-08 2.41568570e-02 7.24705709e-03
1.202063 2.23449944e-06 2.19147424e-06 4.30252035e-08 5.39441371e-08 2.46154557e-02 7.38463672e-03
1.206132 2.36599303e-06 2.31955396e-06 4.64390688e-08 5.82542377e-08 2.51144137e-02 7.53432411e-03
1.210201 2.47924359e-06 2.42958650e-06 4.96570968e-08 6.23231299e-08 2.56517436e-02 7.69552309e-03
1.214269 2.57035032e-06 2.51772634e-06 5.26239810e-08 6.60810224e-08 2.62463086e-02 7.87389258e-03
1.218338 2.63710757e-06 2.58188932e-06 5.52182531e-08 6.93748502e-08 2.68698002e-02 8.06094006e-03
1.222407 2.67934198e-06 2.62215960e-06 5.71823724e-08 7.18801757e-08 2.74125860e-02 8.22377580e-03
1.226476 2.69780746e-06 2.63802538e-06 5.97820814e-08 7.51876975e-08 2.85015065e-02 8.55045195e-03
1.230544 2.69662931e-06 2.63565260e-06 6.09767054e-08 7.67308021e-08 2.91126387e-02 8.73379162e-03
1.234613 2.67892793e-06 2.61691308e-06 6.20148516e-08 7.80787335e-08 2.98361967e-02 8.95085901e-03
1.238682 2.64857252e-06 2.58503116e-06 6.35413525e-08 8.00434908e-08 3.09642266e-02 9.28926798e-03
1.242751 2.61042486e-06 2.54587638e-06 6.45484756e-08 8.13559503e-08 3.19559704e-02 9.58679112e-03
1.246819 2.56756559e-06 2.50207156e-06 6.54940283e-08 8.25923947e-08 3.30096053e-02 9.90288160e-03
1.250888 2.52290400e-06 2.45647210e-06 6.64318941e-08 8.38206987e-08 3.41223898e-02 1.02367170e-02
1.254957 2.47971081e-06 2.41227535e-06 6.74354604e-08 8.51335069e-08 3.52917866e-02 1.05875360e-02
1.259026 2.43883115e-06 2.37030859e-06 6.85225632e-08 8.65534985e-08 3.65157089e-02 1.09547127e-02
1.263095 2.40236087e-06 2.33262155e-06 6.97393195e-08 8.81391468e-08 3.77854465e-02 1.13356340e-02
1.267163 2.37107869e-06 2.29996360e-06 7.11150877e-08 8.99278651e-08 3.90996905e-02 1.17299072e-02
1.271232 2.34548089e-06 2.27280245e-06 7.26784428e-08 9.19561617e-08 4.04593728e-02 1.21378119e-02
1.275301 2.32635156e-06 2.25188862e-06 7.44629408e-08 9.42669363e-08 4.18612783e-02 1.25583835e-02
1.279370 2.31361026e-06 2.23713958e-06 7.64706735e-08 9.68633344e-08 4.32978502e-02 1.29893550e-02
1.283438 2.30758460e-06 2.22886802e-06 7.87165860e-08 9.97648034e-08 4.47603011e-02 1.34280903e-02
1.287507 2.30823506e-06 2.22702289e-06 8.12121686e-08 1.02986459e-07 4.62440056e-02 1.38732017e-02
1.291576 2.31549370e-06 2.23152354e-06 8.39701608e-08 1.06545042e-07 4.77454257e-02 1.43236277e-02
1.295645 2.32933626e-06 2.24233434e-06 8.70019206e-08 1.10455582e-07 4.92591938e-02 1.47777581e-02
1.299713 2.34965360e-06 2.25934693e-06 9.03066739e-08 1.14717739e-07 5.07747337e-02 1.52324201e-02
1.303782 2.37638046e-06 2.28249393e-06 9.38865234e-08 1.19334834e-07 5.22826509e-02 1.56847953e-02
1.307851 2.40938089e-06 2.31163124e-06 9.77496488e-08 1.24317930e-07 5.37793089e-02 1.61337927e-02
1.311920 2.44852901e-06 2.34662286e-06 1.01906157e-07 1.29680577e-07 5.52626412e-02 1.65787924e-02
1.315989 2.49367885e-06 2.38731873e-06 1.06360128e-07 1.35428686e-07 5.67283643e-02 1.70185093e-02
1.320057 2.54463440e-06 2.43353146e-06 1.11102936e-07 1.41552004e-07 5.81673203e-02 1.74501961e-02
1.324126 2.60125950e-06 2.48512588e-06 1.16133624e-07 1.48050033e-07 5.95744601e-02 1.78723380e-02
1.328195 2.66316698e-06 2.54173633e-06 1.21430652e-07 1.54896027e-07 6.09410289e-02 1.82823087e-02
1.332264 2.73004502e-06 2.60306745e-06 1.26977577e-07 1.62069688e-07 6.22610405e-02 1.86783122e-02
1.336332 2.80144717e-06 2.66870180e-06 1.32745364e-07 1.69534591e-07 6.35269892e-02 1.90580968e-02
1.340401 2.87671812e-06 2.73803410e-06 1.38684018e-07 1.77227445e-07 6.47279905e-02 1.94183972e-02
1.344470 2.95532590e-06 2.81057574e-06 1.44750161e-07 1.85093266e-07 6.58559964e-02 1.97567989e-02
1.348539 3.03641725e-06 2.88552892e-06 1.50888333e-07 1.93061484e-07 6.69067924e-02 2.00720377e-02
1.352607 3.11923297e-06 2.96218795e-06 1.57045024e-07 2.01063852e-07 6.78768044e-02 2.03630413e-02
1.356676 3.20287016e-06 3.03971886e-06 1.63151294e-07 2.09012183e-07 6.87603664e-02 2.06281099e-02
1.360745 3.28625582e-06 3.11713748e-06 1.69118334e-07 2.16792605e-07 6.95486184e-02 2.08645855e-02
1.364814 3.36834774e-06 3.19349258e-06 1.74855164e-07 2.24288171e-07 7.02328767e-02 2.10698630e-02
1.368883 3.44824055e-06 3.26793228e-06 1.80308262e-07 2.31429709e-07 7.08183918e-02 2.12455176e-02
1.372951 3.52486567e-06 3.33946280e-06 1.85402871e-07 2.38120601e-07 7.13050617e-02 2.13915185e-02
1.377020 3.59756619e-06 3.40748397e-06 1.90082220e-07 2.44287082e-07 7.16913372e-02 2.15074011e-02
1.381089 3.66580472e-06 3.47151423e-06 1.94290493e-07 2.49856422e-07 7.19733250e-02 2.15919975e-02
1.385158 3.72889046e-06 3.53092782e-06 1.97962638e-07 2.54743804e-07 7.21464207e-02 2.16439262e-02
1.389226 3.78741274e-06 3.58627879e-06 2.01133953e-07 2.58993403e-07 7.22178666e-02 2.16653600e-02
1.393295 3.84136381e-06 3.63756635e-06 2.03797466e-07 2.62595024e-07 7.21897553e-02 2.16569266e-02
1.397364 3.89161242e-06 3.68561516e-06 2.05997261e-07 2.65604273e-07 7.20651131e-02 2.16195339e-02
1.401433 3.93928256e-06 3.73148415e-06 2.07798409e-07 2.68103961e-07 7.18491491e-02 2.15547447e-02
1.405501 3.98537440e-06 3.77611696e-06 2.09257448e-07 2.70166096e-07 7.15460085e-02 2.14638026e-02
1.409570 4.03157989e-06 3.82113888e-06 2.10441007e-07 2.71875906e-07 7.11504906e-02 2.13451472e-02
1.413639 4.07935768e-06 3.86793951e-06 2.11418170e-07 2.73322014e-07 7.06634665e-02 2.11990400e-02
1.417708 4.13031029e-06 3.91805103e-06 2.12259257e-07 2.74594875e-07 7.00845582e-02 2.10253675e-02
1.421777 4.18608874e-06 3.97304552e-06 2.13043224e-07 2.75796366e-07 6.94168654e-02 2.08250596e-02
1.425845 4.24835806e-06 4.03451519e-06 2.13842876e-07 2.77020667e-07 6.86626904e-02 2.05988071e-02
1.429914 4.31880429e-06 4.10410811e-06 2.14696184e-07 2.78317065e-07 6.78142626e-02 2.03442788e-02
1.433983 4.39912696e-06 4.18346665e-06 2.15660317e-07 2.79759884e-07 6.68727417e-02 2.00618225e-02
1.438052 4.49125186e-06 4.27447580e-06 2.16776067e-07 2.81402396e-07 6.58331944e-02 1.97499583e-02
1.442120 4.59703866e-06 4.37895374e-06 2.18084919e-07 2.83298928e-07 6.46955744e-02 1.94086723e-02
1.446189 4.71869619e-06 4.49906066e-06 2.19635529e-07 2.85513280e-07 6.34606424e-02 1.90381927e-02
1.450258 4.85899522e-06 4.63751440e-06 2.21480814e-07 2.88114984e-07 6.21270273e-02 1.86381082e-02
1.454327 5.02043185e-06 4.79675844e-06 2.23673414e-07 2.91173413e-07 6.07021214e-02 1.82106364e-02
1.458395 5.20699199e-06 4.98069820e-06 2.26293789e-07 2.94794389e-07 5.91873623e-02 1.77562087e-02
1.462464 5.42197519e-06 5.19255541e-06 2.29419779e-07 2.99080624e-07 5.75979649e-02 1.72793895e-02
1.466533 5.67138881e-06 5.43824371e-06 2.33145095e-07 3.04155849e-07 5.59290582e-02 1.67787174e-02
1.470602 5.96109588e-06 5.72353591e-06 2.37559969e-07 3.10139621e-07 5.41867171e-02 1.62560151e-02
1.474670 6.29652958e-06 6.05377276e-06 2.42756824e-07 3.17154721e-07 5.23895980e-02 1.57168794e-02
1.478739 6.73027360e-06 6.48115290e-06 2.49120697e-07 3.25706884e-07 5.02544668e-02 1.50763401e-02
1.482808 7.32489248e-06 7.06781627e-06 2.57076205e-07 3.36355132e-07 4.75896824e-02 1.42769047e-02
1.486877 8.02306508e-06 7.75654401e-06 2.66521076e-07 3.48970288e-07 4.49904349e-02 1.34971305e-02
1.490946 8.61669375e-06 8.33987739e-06 2.76816358e-07 3.62719610e-07 4.34921993e-02 1.30476598e-02
1.495014 8.97497206e-06 8.68740143e-06 2.87570632e-07 3.77092497e-07 4.34068231e-02 1.30220469e-02
1.499083 9.23543208e-06 8.93684779e-06 2.98584295e-07 3.91828558e-07 4.38441571e-02 1.31532471e-02
1.503152 9.46360651e-06 9.15400891e-06 3.09597602e-07 4.06587645e-07 4.44163480e-02 1.33249044e-02
1.507221 9.66556470e-06 9.34534275e-06 3.20221951e-07 4.20859235e-07 4.50341145e-02 1.35102344e-02
1.511289 9.81085725e-06 9.48095431e-06 3.29902939e-07 4.33913175e-07 4.57668249e-02 1.37300475e-02
1.515358 9.89135443e-06 9.55317070e-06 3.38183728e-07 4.45145489e-07 4.65966225e-02 1.39789868e-02
1.519427 9.91606079e-06 9.57101069e-06 3.45050101e-07 4.54533375e-07 4.74906350e-02 1.42471905e-02
1.523496 9.88736946e-06 9.53707482e-06 3.50294635e-07 4.61799223e-07 4.84214743e-02 1.45264423e-02
1.527564 9.81452264e-06 9.46043336e-06 3.54089283e-07 4.67165045e-07 4.93809351e-02 1.48142805e-02
1.531633 9.71002621e-06 9.35326716e-06 3.56759046e-07 4.71055586e-07 5.03626783e-02 1.51088035e-02
1.535702 9.58396614e-06 9.22541780e-06 3.58548338e-07 4.73790396e-07 5.13570666e-02 1.54071200e-02
1.539771 9.44484497e-06 9.08504358e-06 3.59801390e-07 4.75822014e-07 5.23742137e-02 1.57122641e-02
1.543840 9.30208691e-06 8.94124233e-06 3.60844581e-07 4.77580764e-07 5.34132446e-02 1.60239734e-02
1.547908 9.16085960e-06 8.79900112e-06 3.61858471e-07 4.79305179e-07 5.44726807e-02 1.63418042e-02
1.551977 9.02600674e-06 8.66300748e-06 3.62999261e-07 4.81202267e-07 5.55467911e-02 1.66640373e-02
1.556046 8.90198292e-06 8.53752576e-06 3.64457158e-07 4.83524817e-07 5.66352396e-02 1.69905719e-02
1.560115 8.79011069e-06 8.42366758e-06 3.66443111e-07 4.86553984e-07 5.77603495e-02 1.73281049e-02
1.564183 8.69302466e-06 8.32386160e-06 3.69163063e-07 4.90565195e-07 5.89348092e-02 1.76804428e-02
1.568252 8.61207946e-06 8.23943617e-06 3.72643288e-07 4.95595848e-07 6.01492430e-02 1.80447729e-02
1.572321 8.54860817e-06 8.17171382e-06 3.76894344e-07 5.01662563e-07 6.13901287e-02 1.84170386e-02
1.576390 8.50400413e-06 8.12203279e-06 3.81971341e-07 5.08841393e-07 6.26495123e-02 1.87948537e-02
1.580458 8.47933549e-06 8.09137880e-06 3.87956695e-07 5.17245067e-07 6.39254544e-02 1.91776363e-02
1.584527 8.47586505e-06 8.08094430e-06 3.94920753e-07 5.26970613e-07 6.52115140e-02 1.95634542e-02
1.588596 8.49513309e-06 8.09223620e-06 4.02896885e-07 5.38066032e-07 6.64916370e-02 1.99474911e-02
1.592665 8.53872612e-06 8.12681812e-06 4.11907998e-07 5.50565532e-07 6.77467520e-02 2.03240256e-02
1.596734 8.60800243e-06 8.18593574e-06 4.22066687e-07 5.64623448e-07 6.89748204e-02 2.06924461e-02
1.600802 8.70410104e-06 8.27071087e-06 4.33390169e-07 5.80266970e-07 7.01592619e-02 2.10477786e-02
1.604871 8.82828930e-06 8.38221459e-06 4.46074711e-07 5.97763358e-07 7.13132969e-02 2.13939891e-02
1.608940 8.98196473e-06 8.52043069e-06 4.61534033e-07 6.19013687e-07 7.26505160e-02 2.17951548e-02
1.613009 9.16663473e-06 8.68547289e-06 4.81161838e-07 6.45898806e-07 7.43654162e-02 2.23096249e-02
1.617077 9.38275441e-06 8.87818735e-06 5.04567061e-07 6.77908298e-07 7.63566110e-02 2.29069833e-02
1.621146 9.63162129e-06 9.10203687e-06 5.29584420e-07 7.12144252e-07 7.82400974e-02 2.34720292e-02
1.625215 9.91259770e-06 9.35738218e-06 5.55215512e-07 7.47269174e-07 7.98587852e-02 2.39576355e-02
1.629284 1.02173573e-05 9.63541369e-06 5.81943583e-07 7.83936806e-07 8.13599531e-02 2.44079859e-02
1.633352 1.05394529e-05 9.92958727e-06 6.09865600e-07 8.22282424e-07 8.28113396e-02 2.48434019e-02
1.637421 1.08729433e-05 1.02341676e-05 6.38775632e-07 8.62033064e-07 8.42308915e-02 2.52692674e-02
1.641490 1.12119108e-05 1.05436237e-05 6.68287062e-07 9.02670759e-07 8.56129529e-02 2.56838859e-02
1.645559 1.15502392e-05 1.08520906e-05 6.98148590e-07 9.43858648e-07 8.69748216e-02 2.60924465e-02
1.649628 1.18813710e-05 1.11531049e-05 7.28266099e-07 9.85471360e-07 8.83584764e-02 2.65075429e-02
1.653696 1.21988045e-05 1.14403225e-05 7.58481967e-07 1.02729707e-06 8.97961635e-02 2.69388491e-02
1.657765 1.24977180e-05 1.17091241e-05 7.88593936e-07 1.06906268e-06 9.13016778e-02 2.73905033e-02
1.661834 1.27729999e-05 1.19546833e-05 8.18316645e-07 1.11038131e-06 9.28825369e-02 2.78647611e-02
1.665903 1.30207779e-05 1.21732769e-05 8.47500956e-07 1.15104968e-06 9.45554503e-02 2.83666351e-02
1.669971 1.32455107e-05 1.23693479e-05 8.76162772e-07 1.19108809e-06 9.62935234e-02 2.88880570e-02
1.674040 1.34459995e-05 1.25417118e-05 9.04287776e-07 1.23047579e-06 9.81106738e-02 2.94332022e-02
1.678109 1.35935205e-05 1.26612422e-05 9.32278371e-07 1.26975951e-06 1.00287119e-01 3.00861358e-02
1.682178 1.36268164e-05 1.26659869e-05 9.60829493e-07 1.30988683e-06 1.03417668e-01 3.10253004e-02
1.686246 1.35670481e-05 1.25770541e-05 9.89993917e-07 1.35093269e-06 1.07412489e-01 3.22237466e-02
1.690315 1.35805611e-05 1.25617152e-05 1.01884588e-06 1.39163573e-06 1.10783895e-01 3.32351684e-02
1.694384 1.37477533e-05 1.27007517e-05 1.04700151e-06 1.43147064e-06 1.12707552e-01 3.38122655e-02
1.698453 1.40027524e-05 1.29279049e-05 1.07484752e-06 1.47096465e-06 1.13782138e-01 3.41346413e-02
1.702521 1.42562962e-05 1.31533643e-05 1.10293194e-06 1.51086802e-06 1.14865519e-01 3.44596558e-02
1.706590 1.44822388e-05 1.33509255e-05 1.13131331e-06 1.55126271e-06 1.16191399e-01 3.48574197e-02
1.710659 1.46924000e-05 1.35327308e-05 1.15966921e-06 1.59170816e-06 1.17619140e-01 3.52857421e-02
1.714728 1.48818723e-05 1.36940211e-05 1.18785117e-06 1.63200104e-06 1.19176174e-01 3.57528521e-02
1.718797 1.50516342e-05 1.38359637e-05 1.21567047e-06 1.67188190e-06 1.20835956e-01 3.62507868e-02
1.722865 1.52023845e-05 1.39594740e-05 1.24291044e-06 1.71105176e-06 1.22572796e-01 3.67718387e-02
1.726934 1.53351503e-05 1.40655951e-05 1.26955526e-06 1.74948720e-06 1.24380603e-01 3.73141809e-02
1.731003 1.54518394e-05 1.41560226e-05 1.29581679e-06 1.78747875e-06 1.26269843e-01 3.78809529e-02
1.735072 1.55540899e-05 1.42323667e-05 1.32172318e-06 1.82506447e-06 1.28233379e-01 3.84700136e-02
1.739140 1.56440909e-05 1.42970070e-05 1.34708385e-06 1.86198017e-06 1.30235661e-01 3.90706984e-02
1.743209 1.57240313e-05 1.43523007e-05 1.37173054e-06 1.89799151e-06 1.32243014e-01 3.96729043e-02
1.747278 1.57955402e-05 1.43999271e-05 1.39561309e-06 1.93302671e-06 1.34238646e-01 4.02715938e-02
1.751347 1.58600887e-05 1.44413342e-05 1.41875454e-06 1.96711519e-06 1.36214228e-01 4.08642683e-02
1.755415 1.59191070e-05 1.44779878e-05 1.44111921e-06 2.00020492e-06 1.38154898e-01 4.14464694e-02
1.759484 1.59736705e-05 1.45110276e-05 1.46264291e-06 2.03220410e-06 1.40045499e-01 4.20136498e-02
1.763553 1.60249602e-05 1.45416941e-05 1.48326604e-06 2.06302681e-06 1.41869770e-01 4.25609311e-02
1.767622 1.60739228e-05 1.45710426e-05 1.50288025e-06 2.09251893e-06 1.43608045e-01 4.30824134e-02
1.771691 1.61215129e-05 1.46002155e-05 1.52129733e-06 2.12041433e-06 1.45231714e-01 4.35695142e-02
1.775759 1.61685572e-05 1.46301022e-05 1.53845498e-06 2.14662135e-06 1.46726340e-01 4.40179020e-02
1.779828 1.62155717e-05 1.46611447e-05 1.55442698e-06 2.17123803e-06 1.48094714e-01 4.44284143e-02
1.783897 1.62632100e-05 1.46939652e-05 1.56924483e-06 2.19430366e-06 1.49333664e-01 4.48000991e-02
1.787966 1.63122635e-05 1.47293019e-05 1.58296163e-06 2.21588785e-06 1.50440793e-01 4.51322378e-02
1.792034 1.63635971e-05 1.47679846e-05 1.59561258e-06 2.23603543e-06 1.51411008e-01 4.54233025e-02
1.796103 1.64180153e-05 1.48107278e-05 1.60728752e-06 2.25486806e-06 1.52245594e-01 4.56736783e-02
1.800172 1.64762979e-05 1.48581569e-05 1.61814100e-06 2.27259871e-06 1.52952935e-01 4.58858806e-02
1.804241 1.65392521e-05 1.49109519e-05 1.62830012e-06 2.28940273e-06 1.53538335e-01 4.60615004e-02
1.808309 1.66076782e-05 1.49697927e-05 1.63788543e-06 2.30544700e-06 1.54006608e-01 4.62019824e-02
1.812378 1.66825004e-05 1.50354943e-05 1.64700616e-06 2.32088311e-06 1.54360280e-01 4.63080841e-02
1.816447 1.67643342e-05 1.51085248e-05 1.65580937e-06 2.33591678e-06 1.54609190e-01 4.63827569e-02
1.820516 1.68535843e-05 1.51890733e-05 1.66451102e-06 2.35085184e-06 1.54772565e-01 4.64317696e-02
1.824585 1.69507249e-05 1.52774657e-05 1.67325913e-06 2.36589754e-06 1.54861911e-01 4.64585734e-02
1.828653 1.70561157e-05 1.53740442e-05 1.68207146e-06 2.38107963e-06 1.54876596e-01 4.64629787e-02
1.832722 1.71702425e-05 1.54793013e-05 1.69094112e-06 2.39638905e-06 1.54812481e-01 4.64437444e-02
1.836791 1.72930745e-05 1.55931299e-05 1.69994463e-06 2.41193508e-06 1.54679343e-01 4.64038029e-02
1.840860 1.74242690e-05 1.57150231e-05 1.70924588e-06 2.42795160e-06 1.54498761e-01 4.63496283e-02
1.844928 1.75635880e-05 1.58446808e-05 1.71890716e-06 2.44452909e-06 1.54280741e-01 4.62842222e-02
1.848997 1.77106785e-05 1.59818240e-05 1.72885452e-06 2.46156451e-06 1.54022752e-01 4.62068255e-02
1.853066 1.78652187e-05 1.61262033e-05 1.73901540e-06 2.47895634e-06 1.53722255e-01 4.61166765e-02
1.857135 1.80266343e-05 1.62772933e-05 1.74934102e-06 2.49663649e-06 1.53381551e-01 4.60144653e-02
1.861203 1.81942764e-05 1.64344962e-05 1.75978016e-06 2.51453312e-06 1.53003359e-01 4.59010077e-02
1.865272 1.83674266e-05 1.65971400e-05 1.77028654e-06 2.53258108e-06 1.52591415e-01 4.57774246e-02
1.869341 1.85451418e-05 1.67643080e-05 1.78083379e-06 2.55074348e-06 1.52153222e-01 4.56459666e-02
1.873410 1.87264740e-05 1.69350774e-05 1.79139660e-06 2.56898470e-06 1.51696071e-01 4.55088213e-02
1.877479 1.89107187e-05 1.71088561e-05 1.80186260e-06 2.58714402e-06 1.51216657e-01 4.53649971e-02
1.881547 1.90972206e-05 1.72851794e-05 1.81204121e-06 2.60494746e-06 1.50704103e-01 4.52112310e-02
1.885616 1.92853114e-05 1.74634551e-05 1.82185633e-06 2.62228451e-06 1.50158402e-01 4.50475206e-02
1.889685 1.94743315e-05 1.76430115e-05 1.83131997e-06 2.63917103e-06 1.49587333e-01 4.48761998e-02
1.893754 1.96636131e-05 1.78231889e-05 1.84042420e-06 2.65559421e-06 1.48996581e-01 4.46989743e-02
1.897822 1.98526917e-05 1.80035420e-05 1.84914967e-06 2.67152465e-06 1.48388836e-01 4.45166509e-02
1.901891 2.00410134e-05 1.81835444e-05 1.85746906e-06 2.68692124e-06 1.47766639e-01 4.43299917e-02
1.905960 2.02282847e-05 1.83629127e-05 1.86537205e-06 2.70176731e-06 1.47131741e-01 4.41395222e-02
1.910029 2.04143929e-05 1.85415364e-05 1.87285649e-06 2.71605794e-06 1.46485052e-01 4.39455157e-02
1.914097 2.05991914e-05 1.87192714e-05 1.87992003e-06 2.72978782e-06 1.45827675e-01 4.37483025e-02
1.918166 2.07827402e-05 1.88961642e-05 1.88657605e-06 2.74297453e-06 1.45160388e-01 4.35481164e-02
1.922235 2.09650491e-05 1.90722205e-05 1.89282867e-06 2.75562220e-06 1.44483554e-01 4.33450663e-02
1.926304 2.11463117e-05 1.92476023e-05 1.89870937e-06 2.76777489e-06 1.43798424e-01 4.31395273e-02
1.930372 2.13268293e-05 1.94225702e-05 1.90425905e-06 2.77949058e-06 1.43106219e-01 4.29318656e-02
1.934441 2.15068786e-05 1.95973578e-05 1.90952088e-06 2.79083089e-06 1.42408529e-01 4.27225587e-02
1.938510 2.16868241e-05 1.97722573e-05 1.91456689e-06 2.80189997e-06 1.41708655e-01 4.25125964e-02
1.942579 2.18671107e-05 1.99475735e-05 1.91953715e-06 2.81290225e-06 1.41014758e-01 4.23044273e-02
1.946648 2.20479936e-05 2.01236067e-05 1.92438691e-06 2.82377199e-06 1.40321366e-01 4.20964099e-02
1.950716 2.22294754e-05 2.03004781e-05 1.92899724e-06 2.83433413e-06 1.39619083e-01 4.18857248e-02
1.954785 2.24114187e-05 2.04781237e-05 1.93329498e-06 2.84448004e-06 1.38903352e-01 4.16710057e-02
1.958854 2.25938577e-05 2.06566507e-05 1.93720691e-06 2.85410032e-06 1.38168591e-01 4.14505772e-02
1.962923 2.27768851e-05 2.08362253e-05 1.94065976e-06 2.86308497e-06 1.37409004e-01 4.12227012e-02
1.966991 2.29605466e-05 2.10169663e-05 1.94358027e-06 2.87132334e-06 1.36619305e-01 4.09857916e-02
1.971060 2.31448901e-05 2.11989949e-05 1.94589523e-06 2.87870423e-06 1.35794374e-01 4.07383121e-02
1.975129 2.33299663e-05 2.13824347e-05 1.94753152e-06 2.88511595e-06 1.34929253e-01 4.04787760e-02
1.979198 2.35158283e-05 2.15674121e-05 1.94841615e-06 2.89044633e-06 1.34019154e-01 4.02057462e-02
1.983266 2.37025320e-05 2.17540557e-05 1.94847628e-06 2.89458277e-06 1.33059454e-01 3.99178361e-02
1.987335 2.38901362e-05 2.19424969e-05 1.94763927e-06 2.89741232e-06 1.32045698e-01 3.96137094e-02
1.991404 2.40787023e-05 2.21328696e-05 1.94583273e-06 2.89882169e-06 1.30973604e-01 3.92920812e-02
1.995473 2.42682948e-05 2.23253103e-05 1.94298453e-06 2.89869730e-06 1.29839060e-01 3.89517180e-02
1.999542 2.44589812e-05 2.25199584e-05 1.93902284e-06 2.89692534e-06 1.28638130e-01 3.85914391e-02
2.003610 2.46508320e-05 2.27169558e-05 1.93387616e-06 2.89339177e-06 1.27367055e-01 3.82101166e-02
2.007679 2.48439208e-05 2.29164474e-05 1.92747337e-06 2.88798238e-06 1.26022255e-01 3.78066766e-02
2.011748 2.50383245e-05 2.31185807e-05 1.91974373e-06 2.88058285e-06 1.24600333e-01 3.73800998e-02
2.015817 2.52341232e-05 2.33235063e-05 1.91061691e-06 2.87107875e-06 1.23098076e-01 3.69294228e-02
2.019885 2.54314005e-05 2.35313774e-05 1.90002307e-06 2.85935557e-06 1.21512461e-01 3.64537382e-02
2.023954 2.56302432e-05 2.37423504e-05 1.88789282e-06 2.84529879e-06 1.19840654e-01 3.59521962e-02
2.028023 2.58307417e-05 2.39565844e-05 1.87415726e-06 2.82879388e-06 1.18080016e-01 3.54240049e-02
2.032092 2.60329899e-05 2.41742419e-05 1.85874803e-06 2.80972633e-06 1.16228105e-01 3.48684316e-02
2.036160 2.62370855e-05 2.43954882e-05 1.84159733e-06 2.78798170e-06 1.14282677e-01 3.42848032e-02
2.040229 2.64431295e-05 2.46204916e-05 1.82263791e-06 2.76344562e-06 1.12241691e-01 3.36725073e-02
2.044298 2.66504827e-05 2.48494239e-05 1.80105871e-06 2.73487345e-06 1.10057821e-01 3.30173462e-02
2.048367 2.68622188e-05 2.50824599e-05 1.77975890e-06 2.70665536e-06 1.07910284e-01 3.23730851e-02
2.052436 2.70728466e-05 2.53068120e-05 1.76603461e-06 2.68990553e-06 1.06291758e-01 3.18875273e-02
2.056504 2.72835957e-05 2.55261807e-05 1.75741495e-06 2.68090726e-06 1.05025789e-01 3.15077366e-02
2.060573 2.74962286e-05 2.57462056e-05 1.75002308e-06 2.67377315e-06 1.03851154e-01 3.11553461e-02
2.064642 2.77100315e-05 2.59673641e-05 1.74266743e-06 2.66668842e-06 1.02693843e-01 3.08081530e-02
2.068711 2.79249075e-05 2.61896207e-05 1.73528685e-06 2.65955953e-06 1.01550135e-01 3.04650406e-02
2.072779 2.81409030e-05 2.64129387e-05 1.72796428e-06 2.65251345e-06 1.00424776e-01 3.01274328e-02
2.076848 2.83579912e-05 2.66372808e-05 1.72071042e-06 2.64556700e-06 9.93182082e-02 2.97954624e-02
2.080917 2.85761443e-05 2.68626084e-05 1.71353592e-06 2.63873692e-06 9.82308524e-02 2.94692557e-02
2.084986 2.87953337e-05 2.70888824e-05 1.70645132e-06 2.63203999e-06 9.71631073e-02 2.91489322e-02
2.089054 2.90155295e-05 2.73160624e-05 1.69946708e-06 2.62549290e-06 9.61153499e-02 2.88346050e-02
2.093123 2.92366955e-05 2.75441073e-05 1.69258813e-06 2.61910395e-06 9.50876321e-02 2.85262896e-02
2.097192 2.94588125e-05 2.77729750e-05 1.68583752e-06 2.61290954e-06 9.40810102e-02 2.82243031e-02
2.101261 2.96817456e-05 2.80024306e-05 1.67931498e-06 2.60706540e-06 9.31013967e-02 2.79304190e-02
2.105330 2.99054280e-05 2.82324176e-05 1.67301038e-06 2.60155741e-06 9.21478793e-02 2.76443638e-02
2.109398 3.01299383e-05 2.84630619e-05 1.66687638e-06 2.59631348e-06 9.12169423e-02 2.73650827e-02
2.113467 3.03552732e-05 2.86943879e-05 1.66088532e-06 2.59129168e-06 9.03065674e-02 2.70919702e-02
2.117536 3.05814029e-05 2.89263673e-05 1.65503560e-06 2.58649057e-06 8.94163634e-02 2.68249090e-02
2.121605 3.08083014e-05 2.91589714e-05 1.64932998e-06 2.58191557e-06 8.85461814e-02 2.65638544e-02
2.125673 3.10359405e-05 2.93921707e-05 1.64376982e-06 2.57756988e-06 8.76957987e-02 2.63087396e-02
2.129742 3.12642913e-05 2.96259349e-05 1.63835639e-06 2.57345665e-06 8.68649935e-02 2.60594981e-02
2.133811 3.14933244e-05 2.98602335e-05 1.63309093e-06 2.56957896e-06 8.60535454e-02 2.58160636e-02
2.137880 3.17230094e-05 3.00950348e-05 1.62797460e-06 2.56593984e-06 8.52612352e-02 2.55783706e-02
2.141948 3.19533143e-05 3.03303067e-05 1.62300753e-06 2.56254069e-06 8.44877935e-02 2.53463381e-02
2.146017 3.21842068e-05 3.05660165e-05 1.61819032e-06 2.55938370e-06 8.37329819e-02 2.51198946e-02
2.150086 3.24156163e-05 3.08020527e-05 1.61356355e-06 2.55653440e-06 8.29988319e-02 2.48996496e-02
2.154155 3.26473555e-05 3.10382214e-05 1.60913404e-06 2.55400524e-06 8.22858116e-02 2.46857435e-02
2.158223 3.28795480e-05 3.12746674e-05 1.60488061e-06 2.55176423e-06 8.15920503e-02 2.44776151e-02
2.162292 3.31122159e-05 3.15114400e-05 1.60077586e-06 2.54976926e-06 8.09156692e-02 2.42747008e-02
2.166361 3.33453319e-05 3.17485191e-05 1.59681280e-06 2.54801048e-06 8.02560419e-02 2.40768126e-02
2.170430 3.35788728e-05 3.19858841e-05 1.59298870e-06 2.54648482e-06 7.96127697e-02 2.38838309e-02
2.174499 3.38128138e-05 3.22235138e-05 1.58930003e-06 2.54518792e-06 7.89854245e-02 2.36956274e-02
2.178567 3.40471301e-05 3.24613868e-05 1.58574327e-06 2.54411537e-06 7.83735884e-02 2.35120765e-02
2.182636 3.42817961e-05 3.26994813e-05 1.58231488e-06 2.54326274e-06 7.77768528e-02 2.33330558e-02
2.186705 3.45167861e-05 3.29377748e-05 1.57901130e-06 2.54262555e-06 7.71948184e-02 2.31584455e-02
2.190774 3.47520738e-05 3.31762448e-05 1.57582897e-06 2.54219927e-06 7.66270953e-02 2.29881286e-02
2.194842 3.49876292e-05 3.34148681e-05 1.57276109e-06 2.54197412e-06 7.60731454e-02 2.28219436e-02
2.198911 3.52234503e-05 3.36536211e-05 1.56982917e-06 2.54198611e-06 7.55338066e-02 2.26601420e-02
2.202980 3.54592170e-05 3.38921728e-05 1.56704418e-06 2.54225440e-06 7.50100742e-02 2.25030223e-02
2.207049 3.56951077e-05 3.41307133e-05 1.56439440e-06 2.54276146e-06 7.45006832e-02 2.23502050e-02
2.211117 3.59311771e-05 3.43693297e-05 1.56184737e-06 2.54345583e-06 7.40036494e-02 2.22010948e-02
2.215186 3.61674081e-05 3.46080189e-05 1.55938911e-06 2.54431583e-06 7.35181010e-02 2.20554303e-02
2.219255 3.64037859e-05 3.48467727e-05 1.55701313e-06 2.54533190e-06 7.30435475e-02 2.19130642e-02
2.223324 3.66402954e-05 3.50855829e-05 1.55471256e-06 2.54649373e-06 7.25794906e-02 2.17738472e-02
2.227393 3.68769213e-05 3.53244410e-05 1.55248034e-06 2.54779068e-06 7.21254352e-02 2.16376306e-02
2.231461 3.71136481e-05 3.55633387e-05 1.55030947e-06 2.54921207e-06 7.16808986e-02 2.15042696e-02
2.235530 3.73504604e-05 3.58022675e-05 1.54819296e-06 2.55074723e-06 7.12454102e-02 2.13736231e-02
2.239599 3.75873427e-05 3.60412188e-05 1.54612389e-06 2.55238548e-06 7.08185117e-02 2.12455535e-02
2.243668 3.78242797e-05 3.62801841e-05 1.54409557e-06 2.55411643e-06 7.03997649e-02 2.11199295e-02
2.247736 3.80612548e-05 3.65191547e-05 1.54210008e-06 2.55592764e-06 6.99886857e-02 2.09966057e-02
2.251805 3.82980256e-05 3.67578962e-05 1.54012937e-06 2.55780626e-06 6.95852191e-02 2.08755657e-02
2.255874 3.85346194e-05 3.69964432e-05 1.53817623e-06 2.55974081e-06 6.91888352e-02 2.07566506e-02
2.259943 3.87711966e-05 3.72349605e-05 1.53623613e-06 2.56172419e-06 6.87988965e-02 2.06396689e-02
2.264011 3.90077902e-05 3.74734867e-05 1.53430356e-06 2.56374756e-06 6.84149724e-02 2.05244917e-02
2.268080 3.92444036e-05 3.77120315e-05 1.53237209e-06 2.56580050e-06 6.80366557e-02 2.04109967e-02
2.272149 3.94810403e-05 3.79506049e-05 1.53043540e-06 2.56787267e-06 6.76635505e-02 2.02990652e-02
2.276218 3.97177045e-05 3.81892173e-05 1.52848721e-06 2.56995376e-06 6.72952718e-02 2.01885816e-02
2.280287 3.99544007e-05 3.84278793e-05 1.52652133e-06 2.57203346e-06 6.69314441e-02 2.00794332e-02
2.284355 4.01911337e-05 3.86666021e-05 1.52453159e-06 2.57410146e-06 6.65717007e-02 1.99715102e-02
2.288424 4.04279088e-05 3.89053969e-05 1.52251191e-06 2.57614747e-06 6.62156840e-02 1.98647052e-02
2.292493 4.06647310e-05 3.91442757e-05 1.52045528e-06 2.57815959e-06 6.58630041e-02 1.97589012e-02
2.296562 4.09016098e-05 3.93832505e-05 1.51835930e-06 2.58013358e-06 6.55134746e-02 1.96540424e-02
2.300630 4.11384405e-05 3.96222140e-05 1.51622642e-06 2.58207351e-06 6.51673202e-02 1.95501960e-02
2.304699 4.13750543e-05 3.98609950e-05 1.51405926e-06 2.58398368e-06 6.48248665e-02 1.94474599e-02
2.308768 4.16117209e-05 4.00998812e-05 1.51183972e-06 2.58583306e-06 6.44848061e-02 1.93454418e-02
2.312837 4.18485025e-05 4.03389521e-05 1.50955035e-06 2.58759143e-06 6.41462232e-02 1.92438670e-02
2.316905 4.20854263e-05 4.05782420e-05 1.50718430e-06 2.58924649e-06 6.38087398e-02 1.91426219e-02
2.320974 4.23225203e-05 4.08177857e-05 1.50473460e-06 2.59078564e-06 6.34719790e-02 1.90415937e-02
2.325043 4.25598130e-05 4.10576189e-05 1.50219406e-06 2.59219582e-06 6.31355613e-02 1.89406684e-02
2.329112 4.27973339e-05 4.12977783e-05 1.49955561e-06 2.59346397e-06 6.27991161e-02 1.88397348e-02
2.333181 4.30351135e-05 4.15383013e-05 1.49681221e-06 2.59457706e-06 6.24622812e-02 1.87386844e-02
2.337249 4.32731834e-05 4.17792265e-05 1.49395693e-06 2.59552202e-06 6.21247026e-02 1.86374108e-02
2.341318 4.35115770e-05 4.20205930e-05 1.49098404e-06 2.59628781e-06 6.17860823e-02 1.85358247e-02
2.345387 4.37503249e-05 4.22624412e-05 1.48788373e-06 2.59685617e-06 6.14459576e-02 1.84337873e-02
2.349456 4.39894475e-05 4.25048122e-05 1.48463527e-06 2.59718950e-06 6.11034225e-02 1.83310268e-02
2.353524 4.42285103e-05 4.27473091e-05 1.48120120e-06 2.59722053e-06 6.07575209e-02 1.82272563e-02
2.357593 4.44679524e-05 4.29903618e-05 1.47759057e-06 2.59696313e-06 6.04080314e-02 1.81224094e-02
2.361662 4.47079354e-05 4.32340979e-05 1.47383751e-06 2.59647540e-06 6.00561946e-02 1.80168584e-02
2.365731 4.49485231e-05 4.34785852e-05 1.46993787e-06 2.59574843e-06 5.97017685e-02 1.79105306e-02
2.369799 4.51897797e-05 4.37238914e-05 1.46588838e-06 2.59477476e-06 5.93445524e-02 1.78033657e-02
2.373868 4.54317719e-05 4.39700855e-05 1.46168642e-06 2.59354798e-06 5.89843742e-02 1.76953122e-02
2.377937 4.56745678e-05 4.42172384e-05 1.45732938e-06 2.59206165e-06 5.86210660e-02 1.75863198e-02
2.382006 4.59182370e-05 4.44654223e-05 1.45281470e-06 2.59030934e-06 5.82544640e-02 1.74763392e-02
2.386074 4.61628507e-05 4.47147109e-05 1.44813986e-06 2.58828459e-06 5.78844086e-02 1.73653226e-02
2.390143 4.64084819e-05 4.49651795e-05 1.44330240e-06 2.58598098e-06 5.75107451e-02 1.72532235e-02
2.394212 4.66552050e-05 4.52169051e-05 1.43829985e-06 2.58339203e-06 5.71333225e-02 1.71399968e-02
2.398281 4.69030954e-05 4.54699663e-05 1.43312906e-06 2.58050988e-06 5.67519638e-02 1.70255891e-02
2.402350 4.71519012e-05 4.57241174e-05 1.42778378e-06 2.57732104e-06 5.63667751e-02 1.69100325e-02
2.406418 4.74018323e-05 4.59795714e-05 1.42226090e-06 2.57381757e-06 5.59774155e-02 1.67932247e-02
2.410487 4.76531861e-05 4.62366218e-05 1.41656434e-06 2.57000412e-06 5.55837347e-02 1.66751204e-02
2.414556 4.79060814e-05 4.64953894e-05 1.41069199e-06 2.56587444e-06 5.51855673e-02 1.65556702e-02
2.418625 4.81606261e-05 4.67559841e-05 1.40464194e-06 2.56142257e-06 5.47827754e-02 1.64348326e-02
2.422693 4.84169303e-05 4.70185180e-05 1.39841235e-06 2.55664259e-06 5.43752271e-02 1.63125681e-02
2.426762 4.86751067e-05 4.72831053e-05 1.39200141e-06 2.55152854e-06 5.39627954e-02 1.61888386e-02
2.430831 4.89352701e-05 4.75498628e-05 1.38540733e-06 2.54607443e-06 5.35453580e-02 1.60636074e-02
2.434900 4.91975377e-05 4.78189093e-05 1.37862835e-06 2.54027424e-06 5.31227975e-02 1.59368392e-02
2.438968 4.94620289e-05 4.80903662e-05 1.37166272e-06 2.53412191e-06 5.26950013e-02 1.58085004e-02
2.443037 4.97288659e-05 4.83643571e-05 1.36450875e-06 2.52761136e-06 5.22618619e-02 1.56785586e-02
2.447106 4.99981729e-05 4.86410082e-05 1.35716473e-06 2.52073643e-06 5.18232769e-02 1.55469831e-02
2.451175 5.02700768e-05 4.89204478e-05 1.34962901e-06 2.51349097e-06 5.13791489e-02 1.54137447e-02
2.455244 5.05447069e-05 4.92028069e-05 1.34189995e-06 2.50586874e-06 5.09293859e-02 1.52788158e-02
2.459312 5.08221950e-05 4.94882191e-05 1.33397594e-06 2.49786349e-06 5.04739014e-02 1.51421704e-02
2.463381 5.11026755e-05 4.97768202e-05 1.32585537e-06 2.48946889e-06 5.00126140e-02 1.50037842e-02
2.467450 5.13862854e-05 5.00687488e-05 1.31753669e-06 2.48067860e-06 4.95454483e-02 1.48636345e-02
2.471519 5.16731643e-05 5.03641459e-05 1.30901834e-06 2.47148620e-06 4.90723342e-02 1.47217002e-02
2.475587 5.19634542e-05 5.06631554e-05 1.30029880e-06 2.46188522e-06 4.85932075e-02 1.45779622e-02
2.479656 5.22573001e-05 5.09659235e-05 1.29137657e-06 2.45186915e-06 4.81080099e-02 1.44324030e-02
2.483725 5.25548495e-05 5.12725993e-05 1.28225018e-06 2.44143142e-06 4.76166890e-02 1.42850067e-02
2.487794 5.28562526e-05 5.15833345e-05 1.27291816e-06 2.43056538e-06 4.71191986e-02 1.41357596e-02
2.491862 5.31616625e-05 5.18982835e-05 1.26337908e-06 2.41926436e-06 4.66154985e-02 1.39846496e-02
2.495931 5.34712351e-05 5.22176035e-05 1.25363152e-06 2.40752158e-06 4.61055547e-02 1.38316664e-02
2.500000 5.37851288e-05 5.25414547e-05 1.24367410e-06 2.39533023e-06 4.55893398e-02 1.36768019e-02
