     Q**2          x         u           d           g          ub          db          sb          s          cb          c          bb          b
   100.000     0.010    0.608E+00    0.545E+00    0.675E+01    0.404E+00    0.425E+00    0.306E+00    0.306E+00    0.234E+00    0.234E+00    0.817E-01    0.817E-01
   100.000     0.020    0.591E+00    0.504E+00    0.471E+01    0.302E+00    0.323E+00    0.218E+00    0.218E+00    0.154E+00    0.154E+00    0.505E-01    0.505E-01
   100.000     0.030    0.596E+00    0.486E+00    0.361E+01    0.245E+00    0.267E+00    0.169E+00    0.169E+00    0.111E+00    0.111E+00    0.350E-01    0.350E-01
   100.000     0.040    0.607E+00    0.475E+00    0.295E+01    0.210E+00    0.232E+00    0.141E+00    0.141E+00    0.869E-01    0.869E-01    0.269E-01    0.269E-01
   100.000     0.050    0.616E+00    0.465E+00    0.245E+01    0.182E+00    0.205E+00    0.119E+00    0.119E+00    0.687E-01    0.687E-01    0.209E-01    0.209E-01
   100.000     0.060    0.623E+00    0.455E+00    0.207E+01    0.158E+00    0.185E+00    0.102E+00    0.102E+00    0.556E-01    0.556E-01    0.168E-01    0.168E-01
   100.000     0.070    0.629E+00    0.444E+00    0.176E+01    0.139E+00    0.168E+00    0.887E-01    0.887E-01    0.455E-01    0.455E-01    0.136E-01    0.136E-01
   100.000     0.080    0.632E+00    0.434E+00    0.152E+01    0.122E+00    0.154E+00    0.777E-01    0.777E-01    0.376E-01    0.376E-01    0.112E-01    0.112E-01
   100.000     0.090    0.635E+00    0.423E+00    0.131E+01    0.107E+00    0.141E+00    0.686E-01    0.686E-01    0.315E-01    0.315E-01    0.932E-02    0.932E-02
   100.000     0.100    0.636E+00    0.412E+00    0.114E+01    0.951E-01    0.130E+00    0.609E-01    0.609E-01    0.265E-01    0.265E-01    0.782E-02    0.782E-02
   100.000     0.110    0.636E+00    0.400E+00    0.999E+00    0.846E-01    0.119E+00    0.543E-01    0.543E-01    0.225E-01    0.225E-01    0.662E-02    0.662E-02
   100.000     0.120    0.634E+00    0.389E+00    0.879E+00    0.755E-01    0.109E+00    0.485E-01    0.485E-01    0.192E-01    0.192E-01    0.564E-02    0.564E-02
   100.000     0.130    0.632E+00    0.377E+00    0.776E+00    0.677E-01    0.100E+00    0.435E-01    0.435E-01    0.165E-01    0.165E-01    0.483E-02    0.483E-02
   100.000     0.140    0.628E+00    0.366E+00    0.688E+00    0.610E-01    0.914E-01    0.390E-01    0.390E-01    0.143E-01    0.143E-01    0.417E-02    0.417E-02
   100.000     0.150    0.623E+00    0.354E+00    0.613E+00    0.552E-01    0.832E-01    0.351E-01    0.351E-01    0.124E-01    0.124E-01    0.361E-02    0.361E-02
   100.000     0.160    0.617E+00    0.343E+00    0.547E+00    0.500E-01    0.756E-01    0.316E-01    0.316E-01    0.108E-01    0.108E-01    0.314E-02    0.314E-02
   100.000     0.170    0.611E+00    0.332E+00    0.490E+00    0.455E-01    0.685E-01    0.285E-01    0.285E-01    0.947E-02    0.947E-02    0.274E-02    0.274E-02
   100.000     0.180    0.603E+00    0.321E+00    0.441E+00    0.414E-01    0.619E-01    0.257E-01    0.257E-01    0.832E-02    0.832E-02    0.240E-02    0.240E-02
   100.000     0.190    0.594E+00    0.310E+00    0.397E+00    0.378E-01    0.558E-01    0.231E-01    0.231E-01    0.733E-02    0.733E-02    0.211E-02    0.211E-02
   100.000     0.200    0.585E+00    0.299E+00    0.359E+00    0.346E-01    0.501E-01    0.208E-01    0.208E-01    0.648E-02    0.648E-02    0.186E-02    0.186E-02
   100.000     0.210    0.574E+00    0.288E+00    0.325E+00    0.316E-01    0.450E-01    0.188E-01    0.188E-01    0.574E-02    0.574E-02    0.164E-02    0.164E-02
   100.000     0.220    0.563E+00    0.277E+00    0.295E+00    0.289E-01    0.402E-01    0.169E-01    0.169E-01    0.509E-02    0.509E-02    0.145E-02    0.145E-02
   100.000     0.230    0.551E+00    0.266E+00    0.268E+00    0.264E-01    0.359E-01    0.152E-01    0.152E-01    0.452E-02    0.452E-02    0.128E-02    0.128E-02
   100.000     0.240    0.539E+00    0.256E+00    0.243E+00    0.241E-01    0.320E-01    0.136E-01    0.136E-01    0.403E-02    0.403E-02    0.113E-02    0.113E-02
   100.000     0.250    0.526E+00    0.245E+00    0.222E+00    0.220E-01    0.285E-01    0.122E-01    0.122E-01    0.358E-02    0.358E-02    0.100E-02    0.100E-02
   100.000     0.260    0.513E+00    0.235E+00    0.202E+00    0.200E-01    0.253E-01    0.110E-01    0.110E-01    0.319E-02    0.319E-02    0.891E-03    0.891E-03
   100.000     0.270    0.499E+00    0.225E+00    0.185E+00    0.182E-01    0.224E-01    0.983E-02    0.983E-02    0.284E-02    0.284E-02    0.790E-03    0.790E-03
   100.000     0.280    0.485E+00    0.215E+00    0.168E+00    0.165E-01    0.199E-01    0.879E-02    0.879E-02    0.253E-02    0.253E-02    0.700E-03    0.700E-03
   100.000     0.290    0.470E+00    0.205E+00    0.154E+00    0.149E-01    0.176E-01    0.784E-02    0.784E-02    0.226E-02    0.226E-02    0.620E-03    0.620E-03
   100.000     0.300    0.455E+00    0.195E+00    0.140E+00    0.134E-01    0.155E-01    0.699E-02    0.699E-02    0.201E-02    0.201E-02    0.549E-03    0.549E-03
   100.000     0.310    0.441E+00    0.185E+00    0.128E+00    0.121E-01    0.137E-01    0.622E-02    0.622E-02    0.178E-02    0.178E-02    0.486E-03    0.486E-03
   100.000     0.320    0.426E+00    0.176E+00    0.117E+00    0.108E-01    0.120E-01    0.552E-02    0.552E-02    0.158E-02    0.158E-02    0.430E-03    0.430E-03
   100.000     0.330    0.411E+00    0.166E+00    0.107E+00    0.968E-02    0.106E-01    0.490E-02    0.490E-02    0.141E-02    0.141E-02    0.380E-03    0.380E-03
   100.000     0.340    0.395E+00    0.157E+00    0.975E-01    0.863E-02    0.930E-02    0.433E-02    0.433E-02    0.124E-02    0.124E-02    0.335E-03    0.335E-03
   100.000     0.350    0.380E+00    0.148E+00    0.889E-01    0.766E-02    0.816E-02    0.383E-02    0.383E-02    0.110E-02    0.110E-02    0.296E-03    0.296E-03
   100.000     0.360    0.365E+00    0.140E+00    0.809E-01    0.679E-02    0.715E-02    0.337E-02    0.337E-02    0.972E-03    0.972E-03    0.260E-03    0.260E-03
   100.000     0.370    0.350E+00    0.131E+00    0.736E-01    0.599E-02    0.625E-02    0.296E-02    0.296E-02    0.856E-03    0.856E-03    0.228E-03    0.228E-03
   100.000     0.380    0.336E+00    0.123E+00    0.668E-01    0.528E-02    0.546E-02    0.260E-02    0.260E-02    0.753E-03    0.753E-03    0.200E-03    0.200E-03
   100.000     0.390    0.321E+00    0.115E+00    0.606E-01    0.463E-02    0.476E-02    0.227E-02    0.227E-02    0.660E-03    0.660E-03    0.175E-03    0.175E-03
   100.000     0.400    0.307E+00    0.107E+00    0.549E-01    0.405E-02    0.414E-02    0.198E-02    0.198E-02    0.578E-03    0.578E-03    0.153E-03    0.153E-03
   100.000     0.410    0.292E+00    0.997E-01    0.497E-01    0.353E-02    0.359E-02    0.173E-02    0.173E-02    0.504E-03    0.504E-03    0.133E-03    0.133E-03
   100.000     0.420    0.278E+00    0.925E-01    0.449E-01    0.307E-02    0.311E-02    0.150E-02    0.150E-02    0.439E-03    0.439E-03    0.116E-03    0.116E-03
   100.000     0.430    0.265E+00    0.857E-01    0.404E-01    0.266E-02    0.269E-02    0.130E-02    0.130E-02    0.381E-03    0.381E-03    0.101E-03    0.101E-03
   100.000     0.440    0.251E+00    0.792E-01    0.364E-01    0.230E-02    0.232E-02    0.112E-02    0.112E-02    0.330E-03    0.330E-03    0.872E-04    0.872E-04
   100.000     0.450    0.238E+00    0.729E-01    0.327E-01    0.198E-02    0.199E-02    0.965E-03    0.965E-03    0.284E-03    0.284E-03    0.753E-04    0.753E-04
   100.000     0.460    0.225E+00    0.670E-01    0.293E-01    0.170E-02    0.171E-02    0.828E-03    0.828E-03    0.245E-03    0.245E-03    0.648E-04    0.648E-04
   100.000     0.470    0.213E+00    0.614E-01    0.262E-01    0.145E-02    0.146E-02    0.708E-03    0.708E-03    0.209E-03    0.209E-03    0.556E-04    0.556E-04
   100.000     0.480    0.201E+00    0.562E-01    0.233E-01    0.124E-02    0.124E-02    0.604E-03    0.604E-03    0.179E-03    0.179E-03    0.476E-04    0.476E-04
   100.000     0.490    0.189E+00    0.512E-01    0.208E-01    0.105E-02    0.105E-02    0.513E-03    0.513E-03    0.152E-03    0.152E-03    0.406E-04    0.406E-04
   100.000     0.500    0.177E+00    0.465E-01    0.184E-01    0.891E-03    0.892E-03    0.434E-03    0.434E-03    0.129E-03    0.129E-03    0.346E-04    0.346E-04
   100.000     0.510    0.166E+00    0.422E-01    0.163E-01    0.751E-03    0.752E-03    0.366E-03    0.366E-03    0.109E-03    0.109E-03    0.293E-04    0.293E-04
   100.000     0.520    0.156E+00    0.381E-01    0.144E-01    0.631E-03    0.632E-03    0.307E-03    0.307E-03    0.913E-04    0.913E-04    0.248E-04    0.248E-04
   100.000     0.530    0.145E+00    0.344E-01    0.127E-01    0.528E-03    0.528E-03    0.257E-03    0.257E-03    0.762E-04    0.762E-04    0.208E-04    0.208E-04
   100.000     0.540    0.136E+00    0.309E-01    0.111E-01    0.440E-03    0.440E-03    0.214E-03    0.214E-03    0.634E-04    0.634E-04    0.175E-04    0.175E-04
   100.000     0.550    0.126E+00    0.277E-01    0.973E-02    0.365E-03    0.365E-03    0.177E-03    0.177E-03    0.525E-04    0.525E-04    0.146E-04    0.146E-04
   100.000     0.560    0.117E+00    0.247E-01    0.849E-02    0.301E-03    0.301E-03    0.146E-03    0.146E-03    0.432E-04    0.432E-04    0.121E-04    0.121E-04
   100.000     0.570    0.108E+00    0.220E-01    0.738E-02    0.247E-03    0.247E-03    0.120E-03    0.120E-03    0.353E-04    0.353E-04    0.101E-04    0.101E-04
   100.000     0.580    0.100E+00    0.195E-01    0.639E-02    0.202E-03    0.202E-03    0.981E-04    0.981E-04    0.287E-04    0.287E-04    0.829E-05    0.829E-05
   100.000     0.590    0.922E-01    0.172E-01    0.552E-02    0.164E-03    0.164E-03    0.797E-04    0.797E-04    0.232E-04    0.232E-04    0.680E-05    0.680E-05
   100.000     0.600    0.848E-01    0.152E-01    0.474E-02    0.133E-03    0.133E-03    0.644E-04    0.644E-04    0.186E-04    0.186E-04    0.555E-05    0.555E-05
   100.000     0.610    0.777E-01    0.133E-01    0.406E-02    0.107E-03    0.107E-03    0.517E-04    0.517E-04    0.149E-04    0.149E-04    0.451E-05    0.451E-05
   100.000     0.620    0.710E-01    0.117E-01    0.347E-02    0.854E-04    0.854E-04    0.412E-04    0.412E-04    0.117E-04    0.117E-04    0.364E-05    0.364E-05
   100.000     0.630    0.647E-01    0.102E-01    0.295E-02    0.679E-04    0.679E-04    0.327E-04    0.327E-04    0.922E-05    0.922E-05    0.293E-05    0.293E-05
   100.000     0.640    0.588E-01    0.884E-02    0.249E-02    0.535E-04    0.535E-04    0.257E-04    0.257E-04    0.716E-05    0.716E-05    0.234E-05    0.234E-05
   100.000     0.650    0.532E-01    0.765E-02    0.210E-02    0.419E-04    0.419E-04    0.201E-04    0.201E-04    0.551E-05    0.551E-05    0.186E-05    0.186E-05
   100.000     0.660    0.480E-01    0.660E-02    0.176E-02    0.325E-04    0.326E-04    0.155E-04    0.155E-04    0.419E-05    0.419E-05    0.146E-05    0.146E-05
   100.000     0.670    0.432E-01    0.567E-02    0.146E-02    0.251E-04    0.251E-04    0.119E-04    0.119E-04    0.315E-05    0.315E-05    0.115E-05    0.115E-05
   100.000     0.680    0.386E-01    0.485E-02    0.121E-02    0.192E-04    0.192E-04    0.908E-05    0.908E-05    0.234E-05    0.234E-05    0.891E-06    0.891E-06
   100.000     0.690    0.345E-01    0.413E-02    0.100E-02    0.145E-04    0.145E-04    0.683E-05    0.683E-05    0.171E-05    0.171E-05    0.686E-06    0.686E-06
   100.000     0.700    0.306E-01    0.351E-02    0.821E-03    0.109E-04    0.109E-04    0.509E-05    0.509E-05    0.123E-05    0.123E-05    0.525E-06    0.525E-06
   100.000     0.710    0.270E-01    0.296E-02    0.669E-03    0.805E-05    0.805E-05    0.374E-05    0.374E-05    0.868E-06    0.868E-06    0.396E-06    0.396E-06
   100.000     0.720    0.238E-01    0.249E-02    0.542E-03    0.591E-05    0.591E-05    0.273E-05    0.273E-05    0.601E-06    0.601E-06    0.298E-06    0.298E-06
   100.000     0.730    0.208E-01    0.209E-02    0.435E-03    0.426E-05    0.426E-05    0.195E-05    0.195E-05    0.401E-06    0.401E-06    0.220E-06    0.220E-06
   100.000     0.740    0.181E-01    0.174E-02    0.348E-03    0.305E-05    0.305E-05    0.138E-05    0.138E-05    0.261E-06    0.261E-06    0.162E-06    0.162E-06
   100.000     0.750    0.156E-01    0.144E-02    0.275E-03    0.214E-05    0.214E-05    0.953E-06    0.953E-06    0.161E-06    0.161E-06    0.117E-06    0.117E-06
   100.000     0.760    0.134E-01    0.119E-02    0.216E-03    0.148E-05    0.148E-05    0.647E-06    0.647E-06    0.930E-07    0.930E-07    0.835E-07    0.835E-07
   100.000     0.770    0.114E-01    0.978E-03    0.168E-03    0.101E-05    0.101E-05    0.432E-06    0.432E-06    0.488E-07    0.488E-07    0.588E-07    0.588E-07
   100.000     0.780    0.968E-02    0.798E-03    0.130E-03    0.666E-06    0.666E-06    0.278E-06    0.278E-06    0.198E-07    0.198E-07    0.405E-07    0.405E-07
   100.000     0.790    0.812E-02    0.648E-03    0.990E-04    0.438E-06    0.438E-06    0.178E-06    0.178E-06    0.471E-08    0.471E-08    0.276E-07    0.276E-07
   100.000     0.800    0.675E-02    0.521E-03    0.745E-04    0.274E-06    0.274E-06    0.106E-06    0.106E-06    0.000E+00    0.000E+00    0.182E-07    0.182E-07
   100.000     0.810    0.555E-02    0.417E-03    0.556E-04    0.169E-06    0.169E-06    0.622E-07    0.622E-07    0.000E+00    0.000E+00    0.118E-07    0.118E-07
   100.000     0.820    0.451E-02    0.331E-03    0.408E-04    0.996E-07    0.996E-07    0.336E-07    0.336E-07    0.000E+00    0.000E+00    0.737E-08    0.737E-08
   100.000     0.830    0.362E-02    0.260E-03    0.295E-04    0.562E-07    0.562E-07    0.167E-07    0.167E-07    0.000E+00    0.000E+00    0.444E-08    0.444E-08
   100.000     0.840    0.287E-02    0.202E-03    0.210E-04    0.306E-07    0.306E-07    0.733E-08    0.733E-08    0.000E+00    0.000E+00    0.258E-08    0.258E-08
   100.000     0.850    0.224E-02    0.155E-03    0.146E-04    0.146E-07    0.146E-07    0.190E-08    0.190E-08    0.000E+00    0.000E+00    0.137E-08    0.137E-08
   100.000     0.860    0.171E-02    0.118E-03    0.101E-04    0.704E-08    0.704E-08    0.215E-10    0.215E-10    0.000E+00    0.000E+00    0.709E-09    0.709E-09
   100.000     0.870    0.128E-02    0.873E-04    0.665E-05    0.216E-08    0.216E-08    0.000E+00    0.000E+00    0.000E+00    0.000E+00    0.282E-09    0.282E-09
   100.000     0.880    0.938E-03    0.637E-04    0.433E-05    0.475E-09    0.475E-09    0.000E+00    0.000E+00    0.000E+00    0.000E+00    0.943E-10    0.943E-10
   100.000     0.890    0.666E-03    0.452E-04    0.269E-05    0.000E+00    0.000E+00    0.000E+00    0.000E+00    0.000E+00    0.000E+00    0.751E-11    0.751E-11
   100.000     0.900    0.458E-03    0.311E-04    0.161E-05    0.000E+00    0.000E+00    0.000E+00    0.000E+00    0.000E+00    0.000E+00    0.000E+00    0.000E+00
   100.000     0.910    0.302E-03    0.206E-04    0.925E-06    0.000E+00    0.000E+00    0.000E+00    0.000E+00    0.000E+00    0.000E+00    0.000E+00    0.000E+00
   100.000     0.920    0.189E-03    0.130E-04    0.486E-06    0.000E+00    0.000E+00    0.000E+00    0.000E+00    0.000E+00    0.000E+00    0.000E+00    0.000E+00
   100.000     0.930    0.111E-03    0.777E-05    0.253E-06    0.000E+00    0.000E+00    0.000E+00    0.000E+00    0.000E+00    0.000E+00    0.704E-13    0.704E-13
   100.000     0.940    0.593E-04    0.420E-05    0.106E-06    0.000E+00    0.000E+00    0.000E+00    0.000E+00    0.000E+00    0.000E+00    0.122E-11    0.122E-11
   100.000     0.950    0.285E-04    0.205E-05    0.459E-07    0.000E+00    0.000E+00    0.000E+00    0.000E+00    0.000E+00    0.000E+00    0.225E-11    0.225E-11
   100.000     0.960    0.103E-04    0.763E-06    0.139E-07    0.000E+00    0.000E+00    0.000E+00    0.000E+00    0.000E+00    0.000E+00    0.189E-11    0.189E-11
   100.000     0.970    0.163E-05    0.128E-06    0.544E-09    0.000E+00    0.000E+00    0.000E+00    0.000E+00    0.000E+00    0.000E+00    0.738E-12    0.738E-12
   100.000     0.980    0.000E+00    0.000E+00    0.193E-08    0.000E+00    0.000E+00    0.000E+00    0.000E+00    0.000E+00    0.000E+00    0.000E+00    0.000E+00
   100.000     0.990    0.325E-06    0.163E-08    0.596E-08    0.000E+00    0.000E+00    0.000E+00    0.000E+00    0.000E+00    0.000E+00    0.000E+00    0.000E+00

