# x  u(x)  d(x)  ubar(x)  dbar(x)
1.0000000000e-04 6.6841242194e+03 6.6047294173e+03 6.5809768116e+03 6.5921511483e+03
1.0309198249e-04 6.4476925196e+03 6.3694078107e+03 6.3457668885e+03 6.3568566959e+03
1.0627956855e-04 6.2195785340e+03 6.1423906003e+03 6.1188589925e+03 6.1298648720e+03
1.0956571420e-04 5.9995253313e+03 5.9234210159e+03 5.8999956442e+03 5.9109182530e+03
1.1295346690e-04 5.7872593039e+03 5.7122262276e+03 5.6889048485e+03 5.6997445672e+03
1.1644596833e-04 5.5824504686e+03 5.5084780391e+03 5.4852624697e+03 5.4960187849e+03
1.2004645728e-04 5.3848371516e+03 5.3119141725e+03 5.2888056152e+03 5.2994782718e+03
1.2375827272e-04 5.1941720654e+03 5.1222866421e+03 5.0992853944e+03 5.1098744524e+03
1.2758485685e-04 5.0102161727e+03 4.9393558030e+03 4.9164613669e+03 4.9269671652e+03
1.3152975829e-04 4.8327384211e+03 4.7628900788e+03 4.7401012616e+03 4.7505243848e+03
1.3559663539e-04 4.6615154849e+03 4.5926656971e+03 4.5699807050e+03 4.5803219522e+03
1.3978925962e-04 4.4963315155e+03 4.4284664342e+03 4.4058829577e+03 4.4161433140e+03
1.4411151906e-04 4.3369754828e+03 4.2700814093e+03 4.2475975848e+03 4.2577779820e+03
1.4856742200e-04 4.1832336185e+03 4.1172990434e+03 4.0949169686e+03 4.1050173708e+03
1.5316110068e-04 4.0349108235e+03 3.9699243972e+03 3.9476457022e+03 3.9576660932e+03
1.5789681510e-04 3.8918203908e+03 3.8277706000e+03 3.8055958583e+03 3.8155363898e+03
1.6277895698e-04 3.7537818464e+03 3.6906570455e+03 3.6685858992e+03 3.6784468709e+03
1.6781205383e-04 3.6206207490e+03 3.5584091893e+03 3.5364404648e+03 3.5462223065e+03
1.7300077316e-04 3.4921684955e+03 3.4308583521e+03 3.4089901662e+03 3.4186934211e+03
1.7834992678e-04 3.3682621331e+03 3.3078415290e+03 3.2860713878e+03 3.2956966968e+03
1.8386447530e-04 3.2487410433e+03 3.1891981906e+03 3.1675236074e+03 3.1770715833e+03
1.8954953268e-04 3.1334293774e+03 3.0747535382e+03 3.0531760030e+03 3.0626464153e+03
1.9541037105e-04 3.0221844387e+03 2.9643651638e+03 2.9428862084e+03 2.9522788597e+03
2.0145242552e-04 2.9148745239e+03 2.8579014155e+03 2.8365215961e+03 2.8458365382e+03
2.0768129925e-04 2.8113715963e+03 2.7552343130e+03 2.7339533260e+03 2.7431908317e+03
2.1410276866e-04 2.7115512113e+03 2.6562394721e+03 2.6350562612e+03 2.6442167984e+03
2.2072278879e-04 2.6152924416e+03 2.5607960302e+03 2.5397088850e+03 2.5487930923e+03
2.2754749878e-04 2.5224778029e+03 2.4687865715e+03 2.4477932181e+03 2.4568018830e+03
2.3458322761e-04 2.4329839420e+03 2.3800877085e+03 2.3591856365e+03 2.3681196311e+03
2.4183649994e-04 2.3465700317e+03 2.2944573339e+03 2.2736474736e+03 2.2825070597e+03
2.4931404218e-04 2.2631452384e+03 2.2118052952e+03 2.1910891145e+03 2.1998743821e+03
2.5702278872e-04 2.1826748062e+03 2.1320981134e+03 2.1114762483e+03 2.1201873590e+03
2.6496988835e-04 2.1051193730e+03 2.0552975662e+03 2.0347699200e+03 2.0434070982e+03
2.7316271092e-04 2.0304354577e+03 1.9813611856e+03 1.9609270197e+03 1.9694905456e+03
2.8160885412e-04 1.9585759153e+03 1.9102427228e+03 1.8899007411e+03 1.8983909434e+03
2.9031615059e-04 1.8894903620e+03 1.8418925816e+03 1.8216410075e+03 1.8300582570e+03
2.9929267514e-04 1.8231264330e+03 1.7762591011e+03 1.7560958518e+03 1.7644405290e+03
3.0854675226e-04 1.7594307223e+03 1.7132896234e+03 1.6932160830e+03 1.7014876648e+03
3.1808696383e-04 1.6982472944e+03 1.6528272469e+03 1.6328456474e+03 1.6410435491e+03
3.2792215707e-04 1.6393999358e+03 1.5946943635e+03 1.5748056920e+03 1.5829298219e+03
3.3806145276e-04 1.5827254125e+03 1.5387264998e+03 1.5189306418e+03 1.5269813471e+03
3.4851425370e-04 1.5280726446e+03 1.4847714797e+03 1.4650673529e+03 1.4730453682e+03
3.5929025341e-04 1.4753019259e+03 1.4326886346e+03 1.4130743114e+03 1.4209807118e+03
3.7039944515e-04 1.4242841888e+03 1.3823480578e+03 1.3628208786e+03 1.3706570363e+03
3.8185213115e-04 1.3749005693e+03 1.3336301632e+03 1.3141868580e+03 1.3219543983e+03
3.9365893220e-04 1.3271094407e+03 1.2864935892e+03 1.2671337079e+03 1.2748336191e+03
4.0583079747e-04 1.2809147703e+03 1.2409434357e+03 1.2216682709e+03 1.2293010031e+03
4.1837901468e-04 1.2362914680e+03 1.1969554328e+03 1.1777654674e+03 1.1853315287e+03
4.3131522057e-04 1.1932128823e+03 1.1545036677e+03 1.1353986717e+03 1.1428986202e+03
4.4465141169e-04 1.1516509892e+03 1.1135607797e+03 1.0945398995e+03 1.1019743356e+03
4.5839995550e-04 1.1115765689e+03 1.0740981420e+03 1.0551599830e+03 1.0625295420e+03
4.7257360187e-04 1.0729593694e+03 1.0360860310e+03 1.0172287335e+03 1.0245340794e+03
4.8718549491e-04 1.0357682595e+03 9.9949378405e+02 9.8071509305e+02 9.8795691272e+02
5.0224918513e-04 9.9995725313e+02 9.6427546558e+02 9.4557539407e+02 9.5275399640e+02
5.1777864201e-04 9.6545600588e+02 9.3036028010e+02 9.1174088756e+02 9.1885626655e+02
5.3378826698e-04 9.3220028277e+02 8.9768372730e+02 8.7914610631e+02 8.8619841329e+02
5.5029290675e-04 9.0012951630e+02 8.6618500747e+02 8.4772939408e+02 8.5471891995e+02
5.6730786709e-04 8.6918659699e+02 8.3580680956e+02 8.1743268657e+02 8.2435984531e+02
5.8484892703e-04 8.3931767888e+02 8.0649511462e+02 7.8820130689e+02 7.9506662025e+02
6.0293235347e-04 8.1047199531e+02 7.7819900945e+02 7.5998377180e+02 7.6678785521e+02
6.2157491629e-04 7.8260168433e+02 7.5087051014e+02 7.3273160822e+02 7.3947515780e+02
6.4079390389e-04 7.5566832647e+02 7.2447113840e+02 7.0640733905e+02 7.1309094776e+02
6.6060713922e-04 7.2965331509e+02 6.9898247910e+02 6.8099522826e+02 6.8761913691e+02
6.8103299632e-04 7.0453182295e+02 6.7437995939e+02 6.5647007084e+02 6.6303453533e+02
7.0209041734e-04 6.8027889803e+02 6.5063885996e+02 6.3280646735e+02 6.3931177073e+02
7.2379893014e-04 6.5686995527e+02 6.2773480881e+02 6.0997944919e+02 6.1642589804e+02
7.4617866635e-04 6.3428079181e+02 6.0564379796e+02 5.8796448886e+02 5.9435241002e+02
7.6925038009e-04 6.1248760044e+02 5.8434219829e+02 5.6673750867e+02 5.7306724622e+02
7.9303546718e-04 5.9146698129e+02 5.6380677252e+02 5.4627488800e+02 5.5254680053e+02
8.1755598499e-04 5.7119177237e+02 5.4401035272e+02 5.2655025906e+02 5.3276462665e+02
8.4283467293e-04 5.5162619041e+02 5.2491685385e+02 5.0753027674e+02 5.1368714936e+02
8.6889497347e-04 5.3274568846e+02 5.0650186015e+02 4.8918991542e+02 4.9528938673e+02
8.9576105394e-04 5.1452723357e+02 4.8874248806e+02 4.7150554978e+02 4.7754776919e+02
9.2345782892e-04 4.9694850778e+02 4.7161655762e+02 4.5445434728e+02 4.6043951385e+02
9.5201098333e-04 4.7998788854e+02 4.5510257378e+02 4.3801424256e+02 4.4394259951e+02
9.8144699627e-04 4.6362442958e+02 4.3917970810e+02 4.2216391272e+02 4.2803574225e+02
1.0117931656e-03 4.4783784216e+02 4.2382778079e+02 4.0688275327e+02 4.1269837189e+02
1.0430776331e-03 4.3260639001e+02 4.0902498399e+02 3.9214949971e+02 3.9790919018e+02
1.0753294110e-03 4.1790481528e+02 3.9474563866e+02 3.7794118282e+02 3.8364503228e+02
1.1085784081e-03 4.0371656215e+02 3.8097343002e+02 3.6424106572e+02 3.6988917682e+02
1.1428554584e-03 3.9002612657e+02 3.6769312715e+02 3.5103327953e+02 3.5662578768e+02
1.1781923491e-03 3.7681833048e+02 3.5488979929e+02 3.3830233230e+02 3.4383940252e+02
1.2146218503e-03 3.6407832288e+02 3.4254881881e+02 3.2603310605e+02 3.3151493009e+02
1.2521777453e-03 3.5179158026e+02 3.3065586347e+02 3.1421085350e+02 3.1963764718e+02
1.2908948620e-03 3.3994390649e+02 3.1919691808e+02 3.0282119441e+02 3.0819319515e+02
1.3308091051e-03 3.2852046326e+02 3.0815717885e+02 2.9184973820e+02 2.9716716413e+02
1.3719574897e-03 3.1750281553e+02 2.9751781213e+02 2.8128012251e+02 2.8654306087e+02
1.4143781751e-03 3.0687531238e+02 2.8726318920e+02 2.7109637546e+02 2.7630493109e+02
1.4581105006e-03 2.9662326235e+02 2.7737868994e+02 2.6128328551e+02 2.6643759504e+02
1.5031950221e-03 2.8673255397e+02 2.6785027050e+02 2.5182628791e+02 2.5692651694e+02
1.5496735490e-03 2.7718963224e+02 2.5866444009e+02 2.4271143611e+02 2.4775777662e+02
1.5975891838e-03 2.6798147621e+02 2.4980823883e+02 2.3392537442e+02 2.3891804234e+02
1.6469863617e-03 2.5909557726e+02 2.4126921643e+02 2.2545531196e+02 2.3039454493e+02
1.6979108917e-03 2.5052125544e+02 2.3303676974e+02 2.1729098386e+02 2.2217701113e+02
1.7504099993e-03 2.4225142493e+02 2.2510388762e+02 2.0942762544e+02 2.1426057979e+02
1.8045323700e-03 2.3427302665e+02 2.1745742633e+02 2.0185181352e+02 2.0663184049e+02
1.8603281950e-03 2.2657300302e+02 2.1008424481e+02 1.9454988393e+02 1.9927715345e+02
1.9178492171e-03 2.1913897978e+02 2.0297190021e+02 1.8750893262e+02 1.9218363702e+02
1.9771487792e-03 2.1195922975e+02 1.9610861050e+02 1.8071677349e+02 1.8533912572e+02
2.0382818733e-03 2.0502263838e+02 1.8948321907e+02 1.7416189853e+02 1.7873213047e+02
2.1013051920e-03 1.9831867105e+02 1.8308516112e+02 1.6783343995e+02 1.7235180085e+02
2.1662771807e-03 1.9183598162e+02 1.7690286951e+02 1.6172007074e+02 1.6618687355e+02
2.2332580919e-03 1.8556285787e+02 1.7092409021e+02 1.5581131546e+02 1.6022701246e+02
2.3023100411e-03 1.7949701643e+02 1.6514710644e+02 1.5010532574e+02 1.5447024484e+02
2.3734970645e-03 1.7363661270e+02 1.5957068491e+02 1.4460054469e+02 1.4891488001e+02
2.4468851783e-03 1.6797942634e+02 1.5419315327e+02 1.3929501463e+02 1.4355884269e+02
2.5225424396e-03 1.6252289907e+02 1.4901244239e+02 1.3418641646e+02 1.3839971112e+02
2.6005390103e-03 1.5726416988e+02 1.4402612611e+02 1.2927210650e+02 1.3343475280e+02
2.6809472212e-03 1.5220010800e+02 1.3923145823e+02 1.2454915088e+02 1.2866095781e+02
2.7638416400e-03 1.4732522460e+02 1.3462306979e+02 1.2001247736e+02 1.2407328656e+02
2.8492991397e-03 1.4262655038e+02 1.3018732736e+02 1.1564982208e+02 1.1965976388e+02
2.9373989703e-03 1.3809599186e+02 1.2591596343e+02 1.1145268370e+02 1.1541186543e+02
3.0282228322e-03 1.3372639125e+02 1.2180172124e+02 1.0741346219e+02 1.1132194490e+02
3.1218549520e-03 1.2951092999e+02 1.1783769721e+02 1.0352494962e+02 1.0738275530e+02
3.2183821606e-03 1.2544311232e+02 1.1401732354e+02 9.9780309831e+01 1.0358742799e+02
3.3178939736e-03 1.2151674966e+02 1.1033435172e+02 9.6173059125e+01 9.9929452818e+01
3.4204826745e-03 1.1772594570e+02 1.0678283678e+02 9.2697047840e+01 9.6402659234e+01
3.5262434000e-03 1.1406700225e+02 1.0335924974e+02 8.9349083629e+01 9.3003931582e+01
3.6352742286e-03 1.1053848584e+02 1.0006253994e+02 8.6129216102e+01 8.9733523290e+01
3.7476762714e-03 1.0713353434e+02 9.6885613249e+01 8.3030124932e+01 8.6584069906e+01
3.8635537656e-03 1.0384544895e+02 9.3821541420e+01 8.0044615770e+01 8.3548327803e+01
3.9830141717e-03 1.0066795610e+02 9.0863853017e+01 7.7165980688e+01 8.0619547221e+01
4.1061682726e-03 9.7595182084e+01 8.8006505754e+01 7.4387968230e+01 7.7791441710e+01
4.2331302768e-03 9.4621629157e+01 8.5243860327e+01 7.1704755100e+01 7.5058159253e+01
4.3640179239e-03 9.1742152799e+01 8.2570655678e+01 6.9110919420e+01 7.2414254990e+01
4.4989525941e-03 8.8952445833e+01 7.9982708196e+01 6.6602653131e+01 6.9856101095e+01
4.6380594208e-03 8.6250671387e+01 7.7478533814e+01 6.4179116636e+01 6.7383075233e+01
4.7814674061e-03 8.3635539757e+01 7.5056933721e+01 6.1838972832e+01 6.4993719575e+01
4.9293095413e-03 8.1105667267e+01 7.2716609431e+01 5.9580790946e+01 6.2686494481e+01
5.0817229294e-03 7.8659588198e+01 7.0456178089e+01 5.7403069409e+01 6.0459803787e+01
5.2388489127e-03 7.6295764934e+01 6.8274182710e+01 5.5304245038e+01 5.8312002870e+01
5.4008332040e-03 7.4012597410e+01 6.6169101732e+01 5.3282701575e+01 5.6241406145e+01
5.5678260212e-03 7.1808410867e+01 6.4139340053e+01 5.1336764240e+01 5.4246284481e+01
5.7399822271e-03 6.9679246582e+01 6.2181271688e+01 4.9463162094e+01 5.2323680095e+01
5.9174614727e-03 6.7621193323e+01 6.0291043683e+01 4.7658247604e+01 5.0470095111e+01
6.1004283455e-03 6.5631658114e+01 5.8465903666e+01 4.5919192118e+01 4.8682606086e+01
6.2890525220e-03 6.3708146919e+01 5.6703222721e+01 4.4243296267e+01 4.6958431375e+01
6.4835089250e-03 6.1848260819e+01 5.5000489699e+01 4.2627983825e+01 4.5294924007e+01
6.6839778860e-03 6.0049692331e+01 5.3355305786e+01 4.1070795854e+01 4.3689564902e+01
6.8906453121e-03 5.8310221875e+01 5.1765379311e+01 3.9569385136e+01 4.2139956433e+01
7.1037028589e-03 5.6627660668e+01 5.0228559670e+01 3.8121571525e+01 4.0643928360e+01
7.3233481077e-03 5.4999630979e+01 4.8743134418e+01 3.6725793528e+01 3.9200281221e+01
7.5497847492e-03 5.3424361297e+01 4.7307335628e+01 3.5380331061e+01 3.7807296703e+01
7.7832227720e-03 5.1900235580e+01 4.5919401589e+01 3.4083429697e+01 3.6463137717e+01
8.0238786576e-03 5.0425676772e+01 4.4577633754e+01 3.2833393705e+01 3.5166037037e+01
8.2719755810e-03 4.8999146475e+01 4.3280394520e+01 3.1628584171e+01 3.3914294534e+01
8.5277436179e-03 4.7619144576e+01 4.2026105077e+01 3.0467417188e+01 3.2706274520e+01
8.7914199577e-03 4.6284208842e+01 4.0813243335e+01 2.9348362093e+01 3.1540403209e+01
9.0632491237e-03 4.4992524436e+01 3.9640340316e+01 2.8269852954e+01 3.0415264228e+01
9.3434832000e-03 4.3742098553e+01 3.8505947701e+01 2.7230350396e+01 2.9329572428e+01
9.6323820649e-03 4.2531673952e+01 3.7408652288e+01 2.6228533539e+01 2.8281933970e+01
9.9302136321e-03 4.1360033964e+01 3.6347095983e+01 2.5263124557e+01 2.7271002716e+01
1.0237254099e-02 4.0225990523e+01 3.5319973740e+01 2.4332884833e+01 2.6295481190e+01
1.0553788204e-02 3.9128383996e+01 3.4326031445e+01 2.3436613919e+01 2.5354118785e+01
1.0880109488e-02 3.8066082976e+01 3.3364063884e+01 2.2573148531e+01 2.4445710023e+01
1.1216520568e-02 3.7037932705e+01 3.2432965419e+01 2.1741368779e+01 2.3569128181e+01
1.1563333421e-02 3.6042393824e+01 3.1531994976e+01 2.0940190547e+01 2.2723509254e+01
1.1920869666e-02 3.5078270948e+01 3.0659959119e+01 2.0168424157e+01 2.1907708290e+01
1.2289460869e-02 3.4144505134e+01 2.9815610576e+01 1.9424907151e+01 2.1120554144e+01
1.2669448848e-02 3.3240072389e+01 2.8997766526e+01 1.8708526658e+01 2.0360927424e+01
1.3061185988e-02 3.2363982599e+01 2.8205305210e+01 1.8018217188e+01 1.9627758069e+01
1.3465035572e-02 3.1515278506e+01 2.7437162706e+01 1.7352958535e+01 1.8920023042e+01
1.3881372115e-02 3.0693033039e+01 2.6692338433e+01 1.6711776302e+01 1.8236747444e+01
1.4310581711e-02 2.9896232732e+01 2.5970470517e+01 1.6093922474e+01 1.7577244918e+01
1.4753062392e-02 2.9123943913e+01 2.5270925733e+01 1.5498626725e+01 1.6940799277e+01
1.5209224499e-02 2.8375337138e+01 2.4592725257e+01 1.4925041462e+01 1.6326582868e+01
1.5679491058e-02 2.7649611328e+01 2.3934943516e+01 1.4372352179e+01 1.5733799306e+01
1.6164298176e-02 2.6945992842e+01 2.3296705252e+01 1.3839776131e+01 1.5161682229e+01
1.6664095446e-02 2.6263734582e+01 2.2677182749e+01 1.3326561056e+01 1.4609494116e+01
1.7179346360e-02 2.5602115310e+01 2.2075593841e+01 1.2831984417e+01 1.4076525447e+01
1.7710528742e-02 2.4960629810e+01 2.1491925966e+01 1.2355843162e+01 1.3562418279e+01
1.8258135190e-02 2.4338596135e+01 2.0925864017e+01 1.1897584033e+01 1.3066610993e+01
1.8822673534e-02 2.3735124764e+01 2.0376389898e+01 1.1456131675e+01 1.2588210695e+01
1.9404667305e-02 2.3149376415e+01 1.9842557755e+01 1.1030484232e+01 1.2126376933e+01
2.0004656221e-02 2.2580559240e+01 1.9323489375e+01 1.0619708782e+01 1.1680318668e+01
2.0623196689e-02 2.2027926166e+01 1.8818369849e+01 1.0222937038e+01 1.1249291399e+01
2.1260862321e-02 2.1490774488e+01 1.8326453420e+01 9.8393617510e+00 1.0832592151e+01
2.1918244462e-02 2.0968629847e+01 1.7847727619e+01 9.4684111143e+00 1.0429535191e+01
2.2595952743e-02 2.0461150160e+01 1.7382087315e+01 9.1099767698e+00 1.0039885603e+01
2.3294615647e-02 1.9967948834e+01 1.6929085256e+01 8.7639921696e+00 9.6635450654e+00
2.4014881084e-02 1.9488645465e+01 1.6488294052e+01 8.4303632661e+00 9.3003894236e+00
2.4757417004e-02 1.9022866022e+01 1.6059305184e+01 8.1089711198e+00 8.9502711950e+00
2.5522912003e-02 1.8570243001e+01 1.5641728060e+01 7.7996743397e+00 8.6130219177e+00
2.6312075974e-02 1.8130425008e+01 1.5235258209e+01 7.5022239475e+00 8.2883449158e+00
2.7125640757e-02 1.7703052747e+01 1.4839922461e+01 7.2157974135e+00 7.9752935072e+00
2.7964360821e-02 1.7287620891e+01 1.4455265715e+01 6.9399547866e+00 7.6734965394e+00
2.8829013962e-02 1.6883631267e+01 1.4080772595e+01 6.6743650297e+00 7.3827126859e+00
2.9720402027e-02 1.6490612470e+01 1.3715962249e+01 6.4187045360e+00 7.1026959065e+00
3.0639351655e-02 1.6108118403e+01 1.3360386162e+01 6.1726571135e+00 6.8331963530e+00
3.1586715044e-02 1.5735731177e+01 1.3013630077e+01 5.9359192585e+00 6.5739623697e+00
3.2563370744e-02 1.5373659765e+01 1.2675908041e+01 5.7088736860e+00 6.3248397610e+00
3.3570224467e-02 1.5021633243e+01 1.2347116595e+01 5.4910803049e+00 6.0853363822e+00
3.4608209930e-02 1.4678865724e+01 1.2026686099e+01 5.2814348792e+00 5.8548042906e+00
3.5678289723e-02 1.4344637728e+01 1.1714092965e+01 5.0789354102e+00 5.6326429246e+00
3.6781456195e-02 1.4018291666e+01 1.1408856522e+01 4.8826750164e+00 5.4182960805e+00
3.7918732382e-02 1.3699227589e+01 1.1110536050e+01 4.6918352275e+00 5.2112490572e+00
3.9091172949e-02 1.3387480633e+01 1.0819219231e+01 4.5063065501e+00 5.0111814361e+00
4.0299865173e-02 1.3083280191e+01 1.0535069272e+01 4.3265167596e+00 4.8180563447e+00
4.1545929950e-02 1.2786246443e+01 1.0257693555e+01 4.1523861157e+00 4.6317833865e+00
4.2830522831e-02 1.2496026191e+01 9.9867296543e+00 3.9838289698e+00 4.4522627796e+00
4.4154835099e-02 1.2212291926e+01 9.7218439686e+00 3.8207551607e+00 4.2793865167e+00
4.5520094870e-02 1.1934745624e+01 9.4627352415e+00 3.6630686837e+00 4.1130363641e+00
4.6927568235e-02 1.1663497628e+01 9.2095294870e+00 3.5105336539e+00 3.9528665938e+00
4.8378560430e-02 1.1398473437e+01 8.9622134905e+00 3.3629659262e+00 3.7985936541e+00
4.9874417049e-02 1.1139359686e+01 8.7205377548e+00 3.2202661208e+00 3.6500660939e+00
5.1416525293e-02 1.0885866630e+01 8.4842705945e+00 3.0823334676e+00 3.5071327619e+00
5.3006315254e-02 1.0637726545e+01 8.2531969152e+00 2.9490660971e+00 3.3696430814e+00
5.4645261243e-02 1.0394810605e+01 8.0271890407e+00 2.8203941552e+00 3.2374729646e+00
5.6334883154e-02 1.0157336994e+01 7.8063571730e+00 2.6962578073e+00 3.1104911816e+00
5.8076747879e-02 9.9250191835e+00 7.5905349737e+00 2.5763593048e+00 2.9883631674e+00
5.9872470757e-02 9.6975381064e+00 7.3795338297e+00 2.4604032569e+00 2.8707610609e+00
6.1723717071e-02 9.4746023623e+00 7.1731780535e+00 2.3481179522e+00 2.7573812213e+00
6.3632203598e-02 9.2559777364e+00 6.9713348566e+00 2.2392475438e+00 2.6479645589e+00
6.5599700194e-02 9.0418233319e+00 6.7741766517e+00 2.1336040585e+00 2.5425277197e+00
6.7628031440e-02 8.8320721105e+00 6.5815128369e+00 2.0312964987e+00 2.4409300659e+00
6.9719078333e-02 8.6265579787e+00 6.3930540363e+00 1.9324597729e+00 2.3429666353e+00
7.1874780030e-02 8.4251266255e+00 6.2085369693e+00 1.8372041882e+00 2.2484455700e+00
7.4097135646e-02 8.2276556104e+00 6.0277612457e+00 1.7455722030e+00 2.1572187117e+00
7.6388206109e-02 8.0342073644e+00 5.8508919486e+00 1.6571937302e+00 2.0693650698e+00
7.8750116069e-02 7.8446890073e+00 5.6778443268e+00 1.5720113151e+00 1.9846461496e+00
8.1185055872e-02 7.6589650910e+00 5.5084547470e+00 1.4900631881e+00 1.9027636350e+00
8.3695283588e-02 7.4769094252e+00 5.3425727905e+00 1.4113738678e+00 1.8234458152e+00
8.6283127104e-02 7.2984690270e+00 5.1801377719e+00 1.3358251198e+00 1.7465769466e+00
8.8950986290e-02 7.1236812654e+00 5.0212146625e+00 1.2631298701e+00 1.6722705962e+00
9.1701335214e-02 6.9524045774e+00 4.8656684770e+00 1.1933735414e+00 1.6003161419e+00
9.4536724446e-02 6.7844988678e+00 4.7133642473e+00 1.1266412847e+00 1.5305038696e+00
9.7459783416e-02 6.6198561412e+00 4.5641883330e+00 1.0629728411e+00 1.4626592998e+00
1.0047322286e-01 6.4585916535e+00 4.4181658521e+00 1.0020767229e+00 1.3968306732e+00
1.0357983732e-01 6.3005504462e+00 4.2752422472e+00 9.4388648203e-01 1.3329543056e+00
1.0678250776e-01 6.1455035552e+00 4.1353282138e+00 8.8842852793e-01 1.2709137618e+00
1.1008420420e-01 5.9932567660e+00 3.9983401349e+00 8.3570884987e-01 1.2106055409e+00
1.1348798853e-01 5.8439417080e+00 3.8642178601e+00 7.8551456804e-01 1.1520274143e+00
1.1699701726e-01 5.6974779538e+00 3.7329772561e+00 7.3776179131e-01 1.0951340897e+00
1.2061454456e-01 5.5536512519e+00 3.6046423542e+00 6.9245791538e-01 1.0398446562e+00
1.2434392516e-01 5.4123035462e+00 3.4792223462e+00 6.4959051010e-01 9.8608086316e-01
1.2818861756e-01 5.2736346919e+00 3.3566257539e+00 6.0900236241e-01 9.3376998991e-01
1.3215218717e-01 5.1374345769e+00 3.2368122806e+00 5.7059368702e-01 8.8294698535e-01
1.3623830966e-01 5.0033835630e+00 3.1197663245e+00 5.3430043764e-01 8.3365957134e-01
1.4045077435e-01 4.8713702708e+00 3.0054282504e+00 5.0005112301e-01 7.8588716586e-01
1.4479348771e-01 4.7415960684e+00 2.8937092364e+00 4.6774122481e-01 7.3952258139e-01
1.4927047700e-01 4.6137654582e+00 2.7846806282e+00 4.3726916612e-01 6.9464859520e-01
1.5388589402e-01 4.4876119003e+00 2.6784023732e+00 4.0854118482e-01 6.5133378522e-01
1.5864401892e-01 4.3633491378e+00 2.5747754563e+00 3.8149896245e-01 6.0943151240e-01
1.6354926421e-01 4.2408152543e+00 2.4737437919e+00 3.5604106395e-01 5.6898920275e-01
1.6860617883e-01 4.1196798716e+00 2.3752959307e+00 3.3205437891e-01 5.3013511898e-01
1.7381945236e-01 4.0000254440e+00 2.2793640909e+00 3.0948524034e-01 4.9277738228e-01
1.7919391940e-01 3.8818568357e+00 2.1858914950e+00 2.8826027019e-01 4.5688060344e-01
1.8473456402e-01 3.7648668363e+00 2.0948666864e+00 2.6826123508e-01 4.2258349675e-01
1.9044652440e-01 3.6490881424e+00 2.0062360553e+00 2.4944033183e-01 3.8981548955e-01
1.9633509760e-01 3.5345569859e+00 1.9199332137e+00 2.3173533254e-01 3.5852844159e-01
2.0240574444e-01 3.4210112753e+00 1.8359264619e+00 2.1501853509e-01 3.2887115210e-01
2.0866409463e-01 3.3085096860e+00 1.7541665428e+00 1.9924880318e-01 3.0075648529e-01
2.1511595190e-01 3.1970198883e+00 1.6745660112e+00 1.8437741136e-01 2.7416220176e-01
2.2176729948e-01 3.0863743565e+00 1.5970439781e+00 1.7032276270e-01 2.4916952409e-01
2.2862430556e-01 2.9767089022e+00 1.5215673465e+00 1.5706177849e-01 2.2565520835e-01
2.3569332906e-01 2.8679391455e+00 1.4480551333e+00 1.4453202994e-01 2.0365683122e-01
2.4298092554e-01 2.7600102984e+00 1.3764397627e+00 1.3268199984e-01 1.8317272752e-01
2.5049385322e-01 2.6529909171e+00 1.3066713331e+00 1.2148905000e-01 1.6411608903e-01
2.5823907931e-01 2.5468430364e+00 1.2386681049e+00 1.1090644960e-01 1.4651425534e-01
2.6622378643e-01 2.4416044775e+00 1.1723899161e+00 1.0090633556e-01 1.3028763303e-01
2.7445537930e-01 2.3373285304e+00 1.1077730412e+00 9.1474401062e-02 1.1540315596e-01
2.8294149159e-01 2.2340234821e+00 1.0447605076e+00 8.2581000566e-02 1.0181503954e-01
2.9168999297e-01 2.1317749367e+00 9.8332524793e-01 7.4222042067e-02 8.9450943433e-02
3.0070899649e-01 2.0306429260e+00 9.2342534285e-01 6.6389610123e-02 7.8256948363e-02
3.1000686602e-01 1.9306880388e+00 8.6504226316e-01 5.9068023962e-02 6.8163877820e-02
3.1959222405e-01 1.8320280534e+00 8.0816948971e-01 5.2262001852e-02 5.9101020690e-02
3.2947395967e-01 1.7347013446e+00 7.5278995364e-01 4.5952242951e-02 5.1007794346e-02
3.3966123683e-01 1.6388729542e+00 6.9894607120e-01 4.0147290139e-02 4.3799336708e-02
3.5016350281e-01 1.5445811748e+00 6.4663164442e-01 3.4827355373e-02 3.7420289817e-02
3.6099049701e-01 1.4520002146e+00 5.9592132559e-01 2.9995354879e-02 3.1785758813e-02
3.7215225999e-01 1.3612025901e+00 5.4685079671e-01 2.5630467199e-02 2.6840633545e-02
3.8365914272e-01 1.2723152497e+00 4.9949038028e-01 2.1722855965e-02 2.2517400116e-02
3.9552181625e-01 1.1854880823e+00 4.5395353290e-01 1.8249813622e-02 1.8755269715e-02
4.0775128157e-01 1.1007726361e+00 4.1026175711e-01 1.5192523504e-02 1.5508008585e-02
4.2035887981e-01 1.0184025395e+00 3.6860365103e-01 1.2521945914e-02 1.2709575172e-02
4.3335630279e-01 9.3840270724e-01 3.2899056004e-01 1.0215647069e-02 1.0325905472e-02
4.4675560381e-01 8.6096705787e-01 2.9157119081e-01 8.2421730127e-03 8.3037887518e-03
4.6056920887e-01 7.8623967475e-01 2.5644018880e-01 6.5694698653e-03 6.6024503232e-03
4.7480992818e-01 7.1428718749e-01 2.2363315440e-01 5.1722300210e-03 5.1897159259e-03
4.8949096804e-01 6.4531503487e-01 1.9327399532e-01 4.0149584504e-03 4.0234852832e-03
5.0462594308e-01 5.7944615644e-01 1.6539686245e-01 3.0689966402e-03 3.0728986156e-03
5.2022888890e-01 5.1677312310e-01 1.4001209973e-01 2.3088229246e-03 2.3105564302e-03
5.3631427507e-01 4.5744623940e-01 1.1714261050e-01 1.7061364854e-03 1.7068520645e-03
5.5289701857e-01 4.0161164790e-01 9.6768671532e-02 1.2349234651e-03 1.2351879239e-03
5.6999249759e-01 3.4935902320e-01 7.8827964437e-02 8.7419415735e-04 8.7428736118e-04
5.8761656584e-01 3.0077917420e-01 6.3241280396e-02 6.0413112573e-04 6.0416358010e-04
6.0578556718e-01 2.5596078214e-01 4.9902597309e-02 4.0643052866e-04 4.0644065231e-04
6.2451635087e-01 2.1498922827e-01 3.8670454907e-02 2.6477473313e-04 2.6477715878e-04
6.4382628711e-01 1.7789533114e-01 2.9375556480e-02 1.6628277169e-04 1.6628338126e-04
6.6373328320e-01 1.4469523062e-01 2.1837305521e-02 1.0021277019e-04 1.0021295304e-04
6.8425580013e-01 1.1536650161e-01 1.5852542573e-02 5.7531947535e-05 5.7531983618e-05
7.0541286968e-01 8.9858442878e-02 1.1214102344e-02 3.1189761157e-05 3.1189857944e-05
7.2722411212e-01 6.8075295902e-02 7.7106764233e-03 1.5794664227e-05 1.5794655630e-05
7.4970975436e-01 4.9877069940e-02 5.1375693930e-03 7.3593430145e-06 7.3593430145e-06
7.7289064872e-01 3.5074412308e-02 3.3035821087e-03 3.0886060906e-06 3.0886060585e-06
7.9678829228e-01 2.3427048397e-02 2.0375284600e-03 1.1322324765e-06 1.1322328160e-06
8.2142484679e-01 1.4639846538e-02 1.1930217507e-03 3.4535166417e-07 3.4535244298e-07
8.4682315926e-01 8.3702287113e-03 6.5212855939e-04 8.0680188463e-08 8.0680121412e-08
8.7300678310e-01 4.2223499207e-03 3.2184570654e-04 1.1995001848e-08 1.1995001848e-08
9.0000000000e-01 1.7629651000e-03 1.3472123893e-04 4.5839655459e-10 4.5839655459e-10
