     Q**2          x         u           d           g          ub          db          sb          s          cb          c          bb          b
    30.000     0.010    0.524E+00    0.483E+00    0.602E+01    0.343E+00    0.363E+00    0.225E+00    0.225E+00    0.139E+00    0.139E+00    0.192E-01    0.192E-01
    30.000     0.020    0.511E+00    0.455E+00    0.414E+01    0.267E+00    0.285E+00    0.170E+00    0.170E+00    0.988E-01    0.988E-01    0.124E-01    0.124E-01
    30.000     0.030    0.517E+00    0.442E+00    0.320E+01    0.225E+00    0.239E+00    0.139E+00    0.139E+00    0.775E-01    0.775E-01    0.902E-02    0.902E-02
    30.000     0.040    0.529E+00    0.435E+00    0.269E+01    0.197E+00    0.211E+00    0.121E+00    0.121E+00    0.651E-01    0.651E-01    0.729E-02    0.729E-02
    30.000     0.050    0.540E+00    0.428E+00    0.230E+01    0.174E+00    0.188E+00    0.105E+00    0.105E+00    0.552E-01    0.552E-01    0.596E-02    0.596E-02
    30.000     0.060    0.550E+00    0.421E+00    0.201E+01    0.155E+00    0.170E+00    0.936E-01    0.936E-01    0.477E-01    0.477E-01    0.500E-02    0.500E-02
    30.000     0.070    0.559E+00    0.415E+00    0.177E+01    0.138E+00    0.156E+00    0.837E-01    0.837E-01    0.416E-01    0.416E-01    0.424E-02    0.424E-02
    30.000     0.080    0.567E+00    0.408E+00    0.158E+01    0.123E+00    0.143E+00    0.751E-01    0.751E-01    0.364E-01    0.364E-01    0.362E-02    0.362E-02
    30.000     0.090    0.574E+00    0.401E+00    0.141E+01    0.110E+00    0.132E+00    0.678E-01    0.678E-01    0.321E-01    0.321E-01    0.312E-02    0.312E-02
    30.000     0.100    0.580E+00    0.393E+00    0.127E+01    0.993E-01    0.123E+00    0.614E-01    0.614E-01    0.283E-01    0.283E-01    0.271E-02    0.271E-02
    30.000     0.110    0.585E+00    0.386E+00    0.114E+01    0.896E-01    0.114E+00    0.557E-01    0.557E-01    0.251E-01    0.251E-01    0.236E-02    0.236E-02
    30.000     0.120    0.589E+00    0.377E+00    0.103E+01    0.811E-01    0.105E+00    0.507E-01    0.507E-01    0.223E-01    0.223E-01    0.206E-02    0.206E-02
    30.000     0.130    0.592E+00    0.369E+00    0.933E+00    0.737E-01    0.975E-01    0.462E-01    0.462E-01    0.199E-01    0.199E-01    0.180E-02    0.180E-02
    30.000     0.140    0.594E+00    0.360E+00    0.846E+00    0.672E-01    0.903E-01    0.421E-01    0.421E-01    0.177E-01    0.177E-01    0.158E-02    0.158E-02
    30.000     0.150    0.595E+00    0.351E+00    0.767E+00    0.615E-01    0.835E-01    0.385E-01    0.385E-01    0.158E-01    0.158E-01    0.139E-02    0.139E-02
    30.000     0.160    0.594E+00    0.342E+00    0.697E+00    0.564E-01    0.770E-01    0.351E-01    0.351E-01    0.141E-01    0.141E-01    0.123E-02    0.123E-02
    30.000     0.170    0.593E+00    0.333E+00    0.633E+00    0.519E-01    0.710E-01    0.321E-01    0.321E-01    0.125E-01    0.125E-01    0.108E-02    0.108E-02
    30.000     0.180    0.591E+00    0.324E+00    0.575E+00    0.479E-01    0.654E-01    0.294E-01    0.294E-01    0.112E-01    0.112E-01    0.954E-03    0.954E-03
    30.000     0.190    0.587E+00    0.314E+00    0.523E+00    0.443E-01    0.601E-01    0.269E-01    0.269E-01    0.999E-02    0.999E-02    0.842E-03    0.842E-03
    30.000     0.200    0.583E+00    0.305E+00    0.475E+00    0.410E-01    0.552E-01    0.246E-01    0.246E-01    0.891E-02    0.891E-02    0.744E-03    0.744E-03
    30.000     0.210    0.577E+00    0.295E+00    0.432E+00    0.380E-01    0.506E-01    0.225E-01    0.225E-01    0.794E-02    0.794E-02    0.657E-03    0.657E-03
    30.000     0.220    0.571E+00    0.286E+00    0.392E+00    0.353E-01    0.464E-01    0.206E-01    0.206E-01    0.708E-02    0.708E-02    0.580E-03    0.580E-03
    30.000     0.230    0.564E+00    0.276E+00    0.356E+00    0.328E-01    0.424E-01    0.188E-01    0.188E-01    0.630E-02    0.630E-02    0.512E-03    0.512E-03
    30.000     0.240    0.556E+00    0.267E+00    0.323E+00    0.305E-01    0.387E-01    0.172E-01    0.172E-01    0.561E-02    0.561E-02    0.453E-03    0.453E-03
    30.000     0.250    0.547E+00    0.257E+00    0.293E+00    0.283E-01    0.354E-01    0.157E-01    0.157E-01    0.499E-02    0.499E-02    0.400E-03    0.400E-03
    30.000     0.260    0.538E+00    0.248E+00    0.266E+00    0.263E-01    0.323E-01    0.144E-01    0.144E-01    0.444E-02    0.444E-02    0.353E-03    0.353E-03
    30.000     0.270    0.528E+00    0.239E+00    0.241E+00    0.244E-01    0.294E-01    0.131E-01    0.131E-01    0.394E-02    0.394E-02    0.311E-03    0.311E-03
    30.000     0.280    0.517E+00    0.229E+00    0.218E+00    0.226E-01    0.268E-01    0.120E-01    0.120E-01    0.349E-02    0.349E-02    0.274E-03    0.274E-03
    30.000     0.290    0.506E+00    0.220E+00    0.197E+00    0.210E-01    0.244E-01    0.109E-01    0.109E-01    0.310E-02    0.310E-02    0.242E-03    0.242E-03
    30.000     0.300    0.495E+00    0.211E+00    0.178E+00    0.194E-01    0.222E-01    0.996E-02    0.996E-02    0.274E-02    0.274E-02    0.213E-03    0.213E-03
    30.000     0.310    0.483E+00    0.202E+00    0.161E+00    0.179E-01    0.201E-01    0.907E-02    0.907E-02    0.242E-02    0.242E-02    0.187E-03    0.187E-03
    30.000     0.320    0.470E+00    0.193E+00    0.145E+00    0.165E-01    0.183E-01    0.825E-02    0.825E-02    0.214E-02    0.214E-02    0.164E-03    0.164E-03
    30.000     0.330    0.457E+00    0.184E+00    0.131E+00    0.152E-01    0.166E-01    0.749E-02    0.749E-02    0.189E-02    0.189E-02    0.144E-03    0.144E-03
    30.000     0.340    0.444E+00    0.176E+00    0.118E+00    0.140E-01    0.151E-01    0.680E-02    0.680E-02    0.166E-02    0.166E-02    0.127E-03    0.127E-03
    30.000     0.350    0.431E+00    0.167E+00    0.106E+00    0.128E-01    0.137E-01    0.617E-02    0.617E-02    0.146E-02    0.146E-02    0.111E-03    0.111E-03
    30.000     0.360    0.418E+00    0.159E+00    0.949E-01    0.117E-01    0.124E-01    0.558E-02    0.558E-02    0.128E-02    0.128E-02    0.970E-04    0.970E-04
    30.000     0.370    0.404E+00    0.151E+00    0.851E-01    0.107E-01    0.112E-01    0.505E-02    0.505E-02    0.112E-02    0.112E-02    0.848E-04    0.848E-04
    30.000     0.380    0.390E+00    0.143E+00    0.762E-01    0.973E-02    0.101E-01    0.456E-02    0.456E-02    0.984E-03    0.984E-03    0.741E-04    0.741E-04
    30.000     0.390    0.377E+00    0.135E+00    0.682E-01    0.883E-02    0.911E-02    0.410E-02    0.410E-02    0.860E-03    0.860E-03    0.646E-04    0.646E-04
    30.000     0.400    0.363E+00    0.128E+00    0.609E-01    0.800E-02    0.820E-02    0.369E-02    0.369E-02    0.750E-03    0.750E-03    0.562E-04    0.562E-04
    30.000     0.410    0.349E+00    0.120E+00    0.543E-01    0.723E-02    0.738E-02    0.331E-02    0.331E-02    0.653E-03    0.653E-03    0.489E-04    0.489E-04
    30.000     0.420    0.335E+00    0.113E+00    0.484E-01    0.651E-02    0.662E-02    0.297E-02    0.297E-02    0.567E-03    0.567E-03    0.424E-04    0.424E-04
    30.000     0.430    0.322E+00    0.106E+00    0.430E-01    0.585E-02    0.592E-02    0.265E-02    0.265E-02    0.492E-03    0.492E-03    0.368E-04    0.368E-04
    30.000     0.440    0.308E+00    0.994E-01    0.382E-01    0.524E-02    0.529E-02    0.236E-02    0.236E-02    0.426E-03    0.426E-03    0.319E-04    0.319E-04
    30.000     0.450    0.295E+00    0.929E-01    0.339E-01    0.467E-02    0.471E-02    0.210E-02    0.210E-02    0.368E-03    0.368E-03    0.275E-04    0.275E-04
    30.000     0.460    0.281E+00    0.867E-01    0.300E-01    0.415E-02    0.418E-02    0.186E-02    0.186E-02    0.317E-03    0.317E-03    0.237E-04    0.237E-04
    30.000     0.470    0.268E+00    0.806E-01    0.265E-01    0.368E-02    0.369E-02    0.164E-02    0.164E-02    0.273E-03    0.273E-03    0.204E-04    0.204E-04
    30.000     0.480    0.255E+00    0.749E-01    0.234E-01    0.324E-02    0.325E-02    0.144E-02    0.144E-02    0.234E-03    0.234E-03    0.176E-04    0.176E-04
    30.000     0.490    0.243E+00    0.694E-01    0.206E-01    0.284E-02    0.285E-02    0.126E-02    0.126E-02    0.200E-03    0.200E-03    0.151E-04    0.151E-04
    30.000     0.500    0.230E+00    0.641E-01    0.181E-01    0.248E-02    0.248E-02    0.109E-02    0.109E-02    0.171E-03    0.171E-03    0.129E-04    0.129E-04
    30.000     0.510    0.218E+00    0.591E-01    0.158E-01    0.215E-02    0.215E-02    0.947E-03    0.947E-03    0.145E-03    0.145E-03    0.110E-04    0.110E-04
    30.000     0.520    0.206E+00    0.543E-01    0.139E-01    0.185E-02    0.185E-02    0.814E-03    0.814E-03    0.123E-03    0.123E-03    0.940E-05    0.940E-05
    30.000     0.530    0.195E+00    0.498E-01    0.121E-01    0.158E-02    0.158E-02    0.694E-03    0.694E-03    0.104E-03    0.104E-03    0.799E-05    0.799E-05
    30.000     0.540    0.183E+00    0.455E-01    0.106E-01    0.133E-02    0.133E-02    0.587E-03    0.587E-03    0.882E-04    0.882E-04    0.678E-05    0.678E-05
    30.000     0.550    0.172E+00    0.415E-01    0.917E-02    0.111E-02    0.111E-02    0.490E-03    0.490E-03    0.742E-04    0.742E-04    0.574E-05    0.574E-05
    30.000     0.560    0.162E+00    0.377E-01    0.796E-02    0.918E-03    0.919E-03    0.405E-03    0.405E-03    0.623E-04    0.623E-04    0.485E-05    0.485E-05
    30.000     0.570    0.151E+00    0.342E-01    0.689E-02    0.744E-03    0.744E-03    0.329E-03    0.329E-03    0.520E-04    0.520E-04    0.408E-05    0.408E-05
    30.000     0.580    0.142E+00    0.308E-01    0.594E-02    0.588E-03    0.588E-03    0.261E-03    0.261E-03    0.434E-04    0.434E-04    0.343E-05    0.343E-05
    30.000     0.590    0.132E+00    0.277E-01    0.512E-02    0.451E-03    0.452E-03    0.202E-03    0.202E-03    0.360E-04    0.360E-04    0.287E-05    0.287E-05
    30.000     0.600    0.123E+00    0.249E-01    0.440E-02    0.331E-03    0.331E-03    0.150E-03    0.150E-03    0.298E-04    0.298E-04    0.239E-05    0.239E-05
    30.000     0.610    0.114E+00    0.222E-01    0.376E-02    0.225E-03    0.225E-03    0.105E-03    0.105E-03    0.245E-04    0.245E-04    0.199E-05    0.199E-05
    30.000     0.620    0.105E+00    0.198E-01    0.321E-02    0.131E-03    0.131E-03    0.648E-04    0.648E-04    0.201E-04    0.201E-04    0.165E-05    0.165E-05
    30.000     0.630    0.973E-01    0.175E-01    0.274E-02    0.574E-04    0.574E-04    0.329E-04    0.329E-04    0.165E-04    0.165E-04    0.137E-05    0.137E-05
    30.000     0.640    0.896E-01    0.154E-01    0.232E-02    0.191E-04    0.191E-04    0.130E-04    0.130E-04    0.134E-04    0.134E-04    0.112E-05    0.112E-05
    30.000     0.650    0.822E-01    0.136E-01    0.196E-02    0.206E-05    0.206E-05    0.182E-05    0.182E-05    0.108E-04    0.108E-04    0.921E-06    0.921E-06
    30.000     0.660    0.752E-01    0.118E-01    0.165E-02    0.000E+00    0.000E+00    0.000E+00    0.000E+00    0.873E-05    0.873E-05    0.752E-06    0.752E-06
    30.000     0.670    0.686E-01    0.103E-01    0.139E-02    0.000E+00    0.000E+00    0.000E+00    0.000E+00    0.700E-05    0.700E-05    0.611E-06    0.611E-06
    30.000     0.680    0.624E-01    0.889E-02    0.116E-02    0.000E+00    0.000E+00    0.000E+00    0.000E+00    0.558E-05    0.558E-05    0.495E-06    0.495E-06
    30.000     0.690    0.565E-01    0.763E-02    0.966E-03    0.000E+00    0.000E+00    0.000E+00    0.000E+00    0.442E-05    0.442E-05    0.398E-06    0.398E-06
    30.000     0.700    0.510E-01    0.651E-02    0.801E-03    0.000E+00    0.000E+00    0.000E+00    0.000E+00    0.349E-05    0.349E-05    0.319E-06    0.319E-06
    30.000     0.710    0.458E-01    0.552E-02    0.661E-03    0.000E+00    0.000E+00    0.000E+00    0.000E+00    0.273E-05    0.273E-05    0.254E-06    0.254E-06
    30.000     0.720    0.409E-01    0.464E-02    0.542E-03    0.000E+00    0.000E+00    0.000E+00    0.000E+00    0.212E-05    0.212E-05    0.201E-06    0.201E-06
    30.000     0.730    0.365E-01    0.388E-02    0.443E-03    0.000E+00    0.000E+00    0.000E+00    0.000E+00    0.164E-05    0.164E-05    0.158E-06    0.158E-06
    30.000     0.740    0.323E-01    0.321E-02    0.359E-03    0.000E+00    0.000E+00    0.000E+00    0.000E+00    0.125E-05    0.125E-05    0.123E-06    0.123E-06
    30.000     0.750    0.285E-01    0.263E-02    0.290E-03    0.000E+00    0.000E+00    0.000E+00    0.000E+00    0.952E-06    0.952E-06    0.951E-07    0.951E-07
    30.000     0.760    0.249E-01    0.213E-02    0.232E-03    0.000E+00    0.000E+00    0.000E+00    0.000E+00    0.716E-06    0.716E-06    0.729E-07    0.729E-07
    30.000     0.770    0.217E-01    0.170E-02    0.184E-03    0.000E+00    0.000E+00    0.000E+00    0.000E+00    0.535E-06    0.535E-06    0.555E-07    0.555E-07
    30.000     0.780    0.188E-01    0.134E-02    0.145E-03    0.000E+00    0.000E+00    0.000E+00    0.000E+00    0.394E-06    0.394E-06    0.417E-07    0.417E-07
    30.000     0.790    0.161E-01    0.105E-02    0.114E-03    0.000E+00    0.000E+00    0.000E+00    0.000E+00    0.288E-06    0.288E-06    0.311E-07    0.311E-07
    30.000     0.800    0.138E-01    0.871E-03    0.877E-04    0.000E+00    0.000E+00    0.000E+00    0.000E+00    0.207E-06    0.207E-06    0.228E-07    0.228E-07
    30.000     0.810    0.117E-01    0.735E-03    0.672E-04    0.000E+00    0.000E+00    0.000E+00    0.000E+00    0.148E-06    0.148E-06    0.165E-07    0.165E-07
    30.000     0.820    0.980E-02    0.589E-03    0.507E-04    0.000E+00    0.000E+00    0.000E+00    0.000E+00    0.103E-06    0.103E-06    0.118E-07    0.118E-07
    30.000     0.830    0.810E-02    0.444E-03    0.378E-04    0.000E+00    0.000E+00    0.000E+00    0.000E+00    0.709E-07    0.709E-07    0.824E-08    0.824E-08
    30.000     0.840    0.661E-02    0.323E-03    0.277E-04    0.000E+00    0.000E+00    0.000E+00    0.000E+00    0.480E-07    0.480E-07    0.567E-08    0.567E-08
    30.000     0.850    0.533E-02    0.235E-03    0.199E-04    0.000E+00    0.000E+00    0.000E+00    0.000E+00    0.315E-07    0.315E-07    0.379E-08    0.379E-08
    30.000     0.860    0.422E-02    0.167E-03    0.141E-04    0.000E+00    0.000E+00    0.000E+00    0.000E+00    0.205E-07    0.205E-07    0.250E-08    0.250E-08
    30.000     0.870    0.329E-02    0.115E-03    0.966E-05    0.000E+00    0.000E+00    0.000E+00    0.000E+00    0.127E-07    0.127E-07    0.157E-08    0.157E-08
    30.000     0.880    0.251E-02    0.775E-04    0.649E-05    0.000E+00    0.000E+00    0.000E+00    0.000E+00    0.773E-08    0.773E-08    0.969E-09    0.969E-09
    30.000     0.890    0.186E-02    0.500E-04    0.418E-05    0.000E+00    0.000E+00    0.000E+00    0.000E+00    0.444E-08    0.444E-08    0.564E-09    0.564E-09
    30.000     0.900    0.135E-02    0.311E-04    0.260E-05    0.000E+00    0.000E+00    0.000E+00    0.000E+00    0.243E-08    0.243E-08    0.314E-09    0.314E-09
    30.000     0.910    0.938E-03    0.184E-04    0.154E-05    0.000E+00    0.000E+00    0.000E+00    0.000E+00    0.128E-08    0.128E-08    0.167E-09    0.167E-09
    30.000     0.920    0.626E-03    0.101E-04    0.844E-06    0.000E+00    0.000E+00    0.000E+00    0.000E+00    0.590E-09    0.590E-09    0.781E-10    0.781E-10
    30.000     0.930    0.395E-03    0.534E-05    0.445E-06    0.000E+00    0.000E+00    0.000E+00    0.000E+00    0.291E-09    0.291E-09    0.388E-10    0.388E-10
    30.000     0.940    0.231E-03    0.235E-05    0.195E-06    0.000E+00    0.000E+00    0.000E+00    0.000E+00    0.100E-09    0.100E-09    0.141E-10    0.141E-10
    30.000     0.950    0.122E-03    0.990E-06    0.807E-07    0.000E+00    0.000E+00    0.000E+00    0.000E+00    0.464E-10    0.464E-10    0.676E-11    0.676E-11
    30.000     0.960    0.507E-04    0.279E-06    0.219E-07    0.447E-07    0.447E-07    0.179E-07    0.179E-07    0.164E-10    0.164E-10    0.254E-11    0.254E-11
    30.000     0.970    0.105E-04    0.596E-08    0.312E-10    0.107E-06    0.107E-06    0.430E-07    0.430E-07    0.865E-12    0.865E-12    0.232E-12    0.232E-12
    30.000     0.980    0.000E+00    0.431E-07    0.398E-08    0.143E-06    0.143E-06    0.571E-07    0.571E-07    0.247E-11    0.247E-11    0.225E-12    0.225E-12
    30.000     0.990    0.000E+00    0.131E-06    0.117E-07    0.118E-06    0.118E-06    0.472E-07    0.472E-07    0.710E-11    0.710E-11    0.759E-12    0.759E-12

