     Q**2          x         u           d           g          ub          db          sb          s          cb          c          bb          b
    30.000     0.010    0.525E+00    0.483E+00    0.601E+01    0.344E+00    0.364E+00    0.225E+00    0.225E+00    0.139E+00    0.139E+00    0.192E-01    0.192E-01
    30.000     0.020    0.512E+00    0.455E+00    0.413E+01    0.268E+00    0.286E+00    0.170E+00    0.170E+00    0.987E-01    0.987E-01    0.124E-01    0.124E-01
    30.000     0.030    0.517E+00    0.442E+00    0.320E+01    0.225E+00    0.240E+00    0.139E+00    0.139E+00    0.774E-01    0.774E-01    0.902E-02    0.902E-02
    30.000     0.040    0.529E+00    0.434E+00    0.269E+01    0.197E+00    0.211E+00    0.121E+00    0.121E+00    0.650E-01    0.650E-01    0.729E-02    0.729E-02
    30.000     0.050    0.540E+00    0.427E+00    0.230E+01    0.174E+00    0.188E+00    0.105E+00    0.105E+00    0.552E-01    0.552E-01    0.596E-02    0.596E-02
    30.000     0.060    0.550E+00    0.420E+00    0.201E+01    0.154E+00    0.170E+00    0.935E-01    0.935E-01    0.477E-01    0.477E-01    0.500E-02    0.500E-02
    30.000     0.070    0.560E+00    0.413E+00    0.177E+01    0.137E+00    0.156E+00    0.835E-01    0.835E-01    0.416E-01    0.416E-01    0.424E-02    0.424E-02
    30.000     0.080    0.568E+00    0.407E+00    0.158E+01    0.123E+00    0.143E+00    0.750E-01    0.750E-01    0.364E-01    0.364E-01    0.363E-02    0.363E-02
    30.000     0.090    0.575E+00    0.400E+00    0.141E+01    0.110E+00    0.132E+00    0.676E-01    0.676E-01    0.321E-01    0.321E-01    0.313E-02    0.313E-02
    30.000     0.100    0.581E+00    0.393E+00    0.127E+01    0.986E-01    0.122E+00    0.612E-01    0.612E-01    0.284E-01    0.284E-01    0.271E-02    0.271E-02
    30.000     0.110    0.586E+00    0.385E+00    0.114E+01    0.889E-01    0.113E+00    0.555E-01    0.555E-01    0.251E-01    0.251E-01    0.236E-02    0.236E-02
    30.000     0.120    0.590E+00    0.377E+00    0.103E+01    0.804E-01    0.105E+00    0.505E-01    0.505E-01    0.223E-01    0.223E-01    0.206E-02    0.206E-02
    30.000     0.130    0.593E+00    0.369E+00    0.933E+00    0.730E-01    0.971E-01    0.459E-01    0.459E-01    0.199E-01    0.199E-01    0.180E-02    0.180E-02
    30.000     0.140    0.595E+00    0.360E+00    0.846E+00    0.666E-01    0.898E-01    0.419E-01    0.419E-01    0.177E-01    0.177E-01    0.158E-02    0.158E-02
    30.000     0.150    0.595E+00    0.352E+00    0.768E+00    0.609E-01    0.830E-01    0.382E-01    0.382E-01    0.158E-01    0.158E-01    0.139E-02    0.139E-02
    30.000     0.160    0.595E+00    0.343E+00    0.697E+00    0.559E-01    0.766E-01    0.349E-01    0.349E-01    0.141E-01    0.141E-01    0.123E-02    0.123E-02
    30.000     0.170    0.593E+00    0.334E+00    0.634E+00    0.514E-01    0.706E-01    0.319E-01    0.319E-01    0.126E-01    0.126E-01    0.108E-02    0.108E-02
    30.000     0.180    0.591E+00    0.324E+00    0.576E+00    0.474E-01    0.649E-01    0.292E-01    0.292E-01    0.112E-01    0.112E-01    0.955E-03    0.955E-03
    30.000     0.190    0.588E+00    0.315E+00    0.524E+00    0.438E-01    0.597E-01    0.267E-01    0.267E-01    0.100E-01    0.100E-01    0.843E-03    0.843E-03
    30.000     0.200    0.583E+00    0.306E+00    0.476E+00    0.406E-01    0.548E-01    0.244E-01    0.244E-01    0.892E-02    0.892E-02    0.745E-03    0.745E-03
    30.000     0.210    0.578E+00    0.296E+00    0.432E+00    0.377E-01    0.503E-01    0.224E-01    0.224E-01    0.795E-02    0.795E-02    0.658E-03    0.658E-03
    30.000     0.220    0.571E+00    0.287E+00    0.393E+00    0.350E-01    0.460E-01    0.205E-01    0.205E-01    0.709E-02    0.709E-02    0.581E-03    0.581E-03
    30.000     0.230    0.564E+00    0.277E+00    0.357E+00    0.325E-01    0.421E-01    0.187E-01    0.187E-01    0.631E-02    0.631E-02    0.513E-03    0.513E-03
    30.000     0.240    0.556E+00    0.268E+00    0.324E+00    0.302E-01    0.385E-01    0.171E-01    0.171E-01    0.562E-02    0.562E-02    0.453E-03    0.453E-03
    30.000     0.250    0.548E+00    0.258E+00    0.294E+00    0.281E-01    0.352E-01    0.157E-01    0.157E-01    0.500E-02    0.500E-02    0.400E-03    0.400E-03
    30.000     0.260    0.538E+00    0.249E+00    0.266E+00    0.261E-01    0.321E-01    0.143E-01    0.143E-01    0.444E-02    0.444E-02    0.353E-03    0.353E-03
    30.000     0.270    0.528E+00    0.240E+00    0.241E+00    0.243E-01    0.293E-01    0.131E-01    0.131E-01    0.395E-02    0.395E-02    0.312E-03    0.312E-03
    30.000     0.280    0.518E+00    0.230E+00    0.218E+00    0.226E-01    0.267E-01    0.120E-01    0.120E-01    0.350E-02    0.350E-02    0.275E-03    0.275E-03
    30.000     0.290    0.506E+00    0.221E+00    0.198E+00    0.210E-01    0.244E-01    0.109E-01    0.109E-01    0.310E-02    0.310E-02    0.242E-03    0.242E-03
    30.000     0.300    0.495E+00    0.212E+00    0.179E+00    0.194E-01    0.222E-01    0.997E-02    0.997E-02    0.275E-02    0.275E-02    0.213E-03    0.213E-03
    30.000     0.310    0.483E+00    0.203E+00    0.161E+00    0.180E-01    0.202E-01    0.910E-02    0.910E-02    0.243E-02    0.243E-02    0.187E-03    0.187E-03
    30.000     0.320    0.470E+00    0.194E+00    0.145E+00    0.166E-01    0.184E-01    0.830E-02    0.830E-02    0.214E-02    0.214E-02    0.165E-03    0.165E-03
    30.000     0.330    0.457E+00    0.185E+00    0.131E+00    0.154E-01    0.168E-01    0.756E-02    0.756E-02    0.189E-02    0.189E-02    0.145E-03    0.145E-03
    30.000     0.340    0.444E+00    0.176E+00    0.118E+00    0.142E-01    0.153E-01    0.688E-02    0.688E-02    0.167E-02    0.167E-02    0.127E-03    0.127E-03
    30.000     0.350    0.431E+00    0.168E+00    0.106E+00    0.130E-01    0.139E-01    0.626E-02    0.626E-02    0.146E-02    0.146E-02    0.111E-03    0.111E-03
    30.000     0.360    0.418E+00    0.159E+00    0.952E-01    0.120E-01    0.126E-01    0.569E-02    0.569E-02    0.129E-02    0.129E-02    0.973E-04    0.973E-04
    30.000     0.370    0.404E+00    0.151E+00    0.853E-01    0.110E-01    0.115E-01    0.517E-02    0.517E-02    0.113E-02    0.113E-02    0.851E-04    0.851E-04
    30.000     0.380    0.390E+00    0.143E+00    0.764E-01    0.100E-01    0.104E-01    0.469E-02    0.469E-02    0.987E-03    0.987E-03    0.743E-04    0.743E-04
    30.000     0.390    0.376E+00    0.135E+00    0.684E-01    0.918E-02    0.946E-02    0.425E-02    0.425E-02    0.863E-03    0.863E-03    0.648E-04    0.648E-04
    30.000     0.400    0.363E+00    0.127E+00    0.611E-01    0.838E-02    0.858E-02    0.384E-02    0.384E-02    0.752E-03    0.752E-03    0.564E-04    0.564E-04
    30.000     0.410    0.349E+00    0.120E+00    0.545E-01    0.763E-02    0.778E-02    0.347E-02    0.347E-02    0.655E-03    0.655E-03    0.491E-04    0.491E-04
    30.000     0.420    0.335E+00    0.113E+00    0.485E-01    0.693E-02    0.704E-02    0.314E-02    0.314E-02    0.569E-03    0.569E-03    0.426E-04    0.426E-04
    30.000     0.430    0.321E+00    0.106E+00    0.432E-01    0.629E-02    0.637E-02    0.283E-02    0.283E-02    0.494E-03    0.494E-03    0.369E-04    0.369E-04
    30.000     0.440    0.308E+00    0.987E-01    0.383E-01    0.569E-02    0.575E-02    0.254E-02    0.254E-02    0.427E-03    0.427E-03    0.320E-04    0.320E-04
    30.000     0.450    0.294E+00    0.922E-01    0.340E-01    0.514E-02    0.518E-02    0.229E-02    0.229E-02    0.369E-03    0.369E-03    0.276E-04    0.276E-04
    30.000     0.460    0.281E+00    0.859E-01    0.301E-01    0.464E-02    0.466E-02    0.205E-02    0.205E-02    0.318E-03    0.318E-03    0.239E-04    0.239E-04
    30.000     0.470    0.268E+00    0.798E-01    0.266E-01    0.417E-02    0.419E-02    0.184E-02    0.184E-02    0.274E-03    0.274E-03    0.205E-04    0.205E-04
    30.000     0.480    0.255E+00    0.740E-01    0.234E-01    0.375E-02    0.376E-02    0.164E-02    0.164E-02    0.235E-03    0.235E-03    0.177E-04    0.177E-04
    30.000     0.490    0.242E+00    0.685E-01    0.206E-01    0.335E-02    0.336E-02    0.146E-02    0.146E-02    0.201E-03    0.201E-03    0.152E-04    0.152E-04
    30.000     0.500    0.230E+00    0.632E-01    0.181E-01    0.300E-02    0.300E-02    0.130E-02    0.130E-02    0.172E-03    0.172E-03    0.130E-04    0.130E-04
    30.000     0.510    0.218E+00    0.582E-01    0.159E-01    0.267E-02    0.267E-02    0.116E-02    0.116E-02    0.146E-03    0.146E-03    0.111E-04    0.111E-04
    30.000     0.520    0.206E+00    0.534E-01    0.139E-01    0.237E-02    0.237E-02    0.102E-02    0.102E-02    0.124E-03    0.124E-03    0.946E-05    0.946E-05
    30.000     0.530    0.194E+00    0.489E-01    0.122E-01    0.210E-02    0.210E-02    0.903E-03    0.903E-03    0.105E-03    0.105E-03    0.805E-05    0.805E-05
    30.000     0.540    0.183E+00    0.447E-01    0.106E-01    0.185E-02    0.185E-02    0.795E-03    0.795E-03    0.887E-04    0.887E-04    0.683E-05    0.683E-05
    30.000     0.550    0.172E+00    0.407E-01    0.922E-02    0.163E-02    0.163E-02    0.697E-03    0.697E-03    0.747E-04    0.747E-04    0.578E-05    0.578E-05
    30.000     0.560    0.161E+00    0.369E-01    0.800E-02    0.143E-02    0.143E-02    0.609E-03    0.609E-03    0.626E-04    0.626E-04    0.489E-05    0.489E-05
    30.000     0.570    0.151E+00    0.334E-01    0.693E-02    0.125E-02    0.125E-02    0.530E-03    0.530E-03    0.524E-04    0.524E-04    0.412E-05    0.412E-05
    30.000     0.580    0.141E+00    0.301E-01    0.598E-02    0.108E-02    0.108E-02    0.459E-03    0.459E-03    0.437E-04    0.437E-04    0.346E-05    0.346E-05
    30.000     0.590    0.132E+00    0.271E-01    0.515E-02    0.936E-03    0.936E-03    0.396E-03    0.396E-03    0.363E-04    0.363E-04    0.290E-05    0.290E-05
    30.000     0.600    0.122E+00    0.243E-01    0.443E-02    0.805E-03    0.805E-03    0.340E-03    0.340E-03    0.300E-04    0.300E-04    0.242E-05    0.242E-05
    30.000     0.610    0.114E+00    0.216E-01    0.379E-02    0.688E-03    0.688E-03    0.290E-03    0.290E-03    0.247E-04    0.247E-04    0.202E-05    0.202E-05
    30.000     0.620    0.105E+00    0.192E-01    0.324E-02    0.584E-03    0.584E-03    0.246E-03    0.246E-03    0.203E-04    0.203E-04    0.167E-05    0.167E-05
    30.000     0.630    0.970E-01    0.170E-01    0.276E-02    0.492E-03    0.492E-03    0.207E-03    0.207E-03    0.166E-04    0.166E-04    0.138E-05    0.138E-05
    30.000     0.640    0.893E-01    0.150E-01    0.234E-02    0.411E-03    0.411E-03    0.173E-03    0.173E-03    0.135E-04    0.135E-04    0.114E-05    0.114E-05
    30.000     0.650    0.819E-01    0.132E-01    0.198E-02    0.340E-03    0.340E-03    0.143E-03    0.143E-03    0.110E-04    0.110E-04    0.936E-06    0.936E-06
    30.000     0.660    0.750E-01    0.115E-01    0.167E-02    0.278E-03    0.278E-03    0.117E-03    0.117E-03    0.883E-05    0.883E-05    0.765E-06    0.765E-06
    30.000     0.670    0.684E-01    0.100E-01    0.141E-02    0.224E-03    0.224E-03    0.940E-04    0.940E-04    0.709E-05    0.709E-05    0.623E-06    0.623E-06
    30.000     0.680    0.621E-01    0.866E-02    0.118E-02    0.178E-03    0.178E-03    0.746E-04    0.746E-04    0.566E-05    0.566E-05    0.505E-06    0.505E-06
    30.000     0.690    0.563E-01    0.745E-02    0.981E-03    0.138E-03    0.138E-03    0.580E-04    0.580E-04    0.449E-05    0.449E-05    0.407E-06    0.407E-06
    30.000     0.700    0.507E-01    0.637E-02    0.814E-03    0.105E-03    0.105E-03    0.440E-04    0.440E-04    0.354E-05    0.354E-05    0.326E-06    0.326E-06
    30.000     0.710    0.456E-01    0.541E-02    0.673E-03    0.762E-04    0.762E-04    0.322E-04    0.322E-04    0.277E-05    0.277E-05    0.260E-06    0.260E-06
    30.000     0.720    0.408E-01    0.457E-02    0.553E-03    0.527E-04    0.527E-04    0.224E-04    0.224E-04    0.216E-05    0.216E-05    0.206E-06    0.206E-06
    30.000     0.730    0.363E-01    0.383E-02    0.452E-03    0.329E-04    0.329E-04    0.142E-04    0.142E-04    0.167E-05    0.167E-05    0.162E-06    0.162E-06
    30.000     0.740    0.322E-01    0.318E-02    0.368E-03    0.175E-04    0.175E-04    0.777E-05    0.777E-05    0.128E-05    0.128E-05    0.127E-06    0.127E-06
    30.000     0.750    0.283E-01    0.262E-02    0.297E-03    0.736E-05    0.736E-05    0.343E-05    0.343E-05    0.976E-06    0.976E-06    0.984E-07    0.984E-07
    30.000     0.760    0.248E-01    0.215E-02    0.238E-03    0.183E-05    0.183E-05    0.902E-06    0.902E-06    0.736E-06    0.736E-06    0.757E-07    0.757E-07
    30.000     0.770    0.216E-01    0.174E-02    0.190E-03    0.000E+00    0.000E+00    0.000E+00    0.000E+00    0.551E-06    0.551E-06    0.577E-07    0.577E-07
    30.000     0.780    0.187E-01    0.139E-02    0.150E-03    0.000E+00    0.000E+00    0.000E+00    0.000E+00    0.407E-06    0.407E-06    0.435E-07    0.435E-07
    30.000     0.790    0.160E-01    0.110E-02    0.118E-03    0.000E+00    0.000E+00    0.000E+00    0.000E+00    0.299E-06    0.299E-06    0.326E-07    0.326E-07
    30.000     0.800    0.136E-01    0.873E-03    0.912E-04    0.000E+00    0.000E+00    0.000E+00    0.000E+00    0.216E-06    0.216E-06    0.239E-07    0.239E-07
    30.000     0.810    0.115E-01    0.686E-03    0.700E-04    0.000E+00    0.000E+00    0.000E+00    0.000E+00    0.154E-06    0.154E-06    0.174E-07    0.174E-07
    30.000     0.820    0.963E-02    0.530E-03    0.531E-04    0.000E+00    0.000E+00    0.000E+00    0.000E+00    0.108E-06    0.108E-06    0.125E-07    0.125E-07
    30.000     0.830    0.795E-02    0.400E-03    0.397E-04    0.000E+00    0.000E+00    0.000E+00    0.000E+00    0.748E-07    0.748E-07    0.879E-08    0.879E-08
    30.000     0.840    0.649E-02    0.297E-03    0.293E-04    0.000E+00    0.000E+00    0.000E+00    0.000E+00    0.509E-07    0.509E-07    0.608E-08    0.608E-08
    30.000     0.850    0.522E-02    0.217E-03    0.212E-04    0.000E+00    0.000E+00    0.000E+00    0.000E+00    0.337E-07    0.337E-07    0.409E-08    0.409E-08
    30.000     0.860    0.414E-02    0.155E-03    0.151E-04    0.000E+00    0.000E+00    0.000E+00    0.000E+00    0.221E-07    0.221E-07    0.272E-08    0.272E-08
    30.000     0.870    0.322E-02    0.108E-03    0.104E-04    0.000E+00    0.000E+00    0.000E+00    0.000E+00    0.138E-07    0.138E-07    0.172E-08    0.172E-08
    30.000     0.880    0.245E-02    0.736E-04    0.703E-05    0.000E+00    0.000E+00    0.000E+00    0.000E+00    0.847E-08    0.847E-08    0.107E-08    0.107E-08
    30.000     0.890    0.182E-02    0.484E-04    0.458E-05    0.000E+00    0.000E+00    0.000E+00    0.000E+00    0.493E-08    0.493E-08    0.631E-09    0.631E-09
    30.000     0.900    0.131E-02    0.308E-04    0.287E-05    0.000E+00    0.000E+00    0.000E+00    0.000E+00    0.274E-08    0.274E-08    0.355E-09    0.355E-09
    30.000     0.910    0.914E-03    0.188E-04    0.173E-05    0.000E+00    0.000E+00    0.000E+00    0.000E+00    0.147E-08    0.147E-08    0.192E-09    0.192E-09
    30.000     0.920    0.608E-03    0.108E-04    0.962E-06    0.000E+00    0.000E+00    0.000E+00    0.000E+00    0.692E-09    0.692E-09    0.918E-10    0.918E-10
    30.000     0.930    0.384E-03    0.603E-05    0.516E-06    0.000E+00    0.000E+00    0.000E+00    0.000E+00    0.345E-09    0.345E-09    0.459E-10    0.459E-10
    30.000     0.940    0.224E-03    0.293E-05    0.233E-06    0.000E+00    0.000E+00    0.000E+00    0.000E+00    0.124E-09    0.124E-09    0.171E-10    0.171E-10
    30.000     0.950    0.118E-03    0.137E-05    0.991E-07    0.000E+00    0.000E+00    0.000E+00    0.000E+00    0.558E-10    0.558E-10    0.798E-11    0.798E-11
    30.000     0.960    0.489E-04    0.475E-06    0.287E-07    0.724E-08    0.724E-08    0.289E-08    0.289E-08    0.187E-10    0.187E-10    0.283E-11    0.283E-11
    30.000     0.970    0.101E-04    0.602E-07    0.113E-08    0.174E-07    0.174E-07    0.696E-08    0.696E-08    0.748E-12    0.748E-12    0.213E-12    0.213E-12
    30.000     0.980    0.000E+00    0.268E-08    0.364E-08    0.231E-07    0.231E-07    0.924E-08    0.924E-08    0.304E-11    0.304E-11    0.305E-12    0.305E-12
    30.000     0.990    0.000E+00    0.650E-07    0.118E-07    0.191E-07    0.191E-07    0.764E-08    0.764E-08    0.868E-11    0.868E-11    0.974E-12    0.974E-12

