     Q**2          x         u           d           g          ub          db          sb          s          cb          c          bb          b
    30.000     0.010    0.547E+00    0.488E+00    0.594E+01    0.356E+00    0.376E+00    0.255E+00    0.255E+00    0.181E+00    0.181E+00    0.215E-01    0.215E-01
    30.000     0.020    0.550E+00    0.471E+00    0.443E+01    0.277E+00    0.298E+00    0.189E+00    0.189E+00    0.124E+00    0.124E+00    0.137E-01    0.137E-01
    30.000     0.030    0.566E+00    0.467E+00    0.356E+01    0.232E+00    0.252E+00    0.152E+00    0.152E+00    0.919E-01    0.919E-01    0.967E-02    0.967E-02
    30.000     0.040    0.585E+00    0.464E+00    0.299E+01    0.203E+00    0.223E+00    0.129E+00    0.129E+00    0.727E-01    0.727E-01    0.750E-02    0.750E-02
    30.000     0.050    0.600E+00    0.460E+00    0.254E+01    0.178E+00    0.201E+00    0.111E+00    0.111E+00    0.582E-01    0.582E-01    0.589E-02    0.589E-02
    30.000     0.060    0.612E+00    0.455E+00    0.218E+01    0.158E+00    0.183E+00    0.967E-01    0.967E-01    0.476E-01    0.476E-01    0.476E-02    0.476E-02
    30.000     0.070    0.623E+00    0.448E+00    0.189E+01    0.140E+00    0.168E+00    0.853E-01    0.853E-01    0.393E-01    0.393E-01    0.390E-02    0.390E-02
    30.000     0.080    0.631E+00    0.440E+00    0.165E+01    0.124E+00    0.156E+00    0.757E-01    0.757E-01    0.328E-01    0.328E-01    0.322E-02    0.322E-02
    30.000     0.090    0.637E+00    0.432E+00    0.144E+01    0.111E+00    0.144E+00    0.676E-01    0.676E-01    0.276E-01    0.276E-01    0.270E-02    0.270E-02
    30.000     0.100    0.642E+00    0.423E+00    0.127E+01    0.990E-01    0.133E+00    0.605E-01    0.605E-01    0.234E-01    0.234E-01    0.227E-02    0.227E-02
    30.000     0.110    0.645E+00    0.413E+00    0.112E+01    0.888E-01    0.124E+00    0.544E-01    0.544E-01    0.200E-01    0.200E-01    0.193E-02    0.193E-02
    30.000     0.120    0.647E+00    0.404E+00    0.992E+00    0.798E-01    0.114E+00    0.491E-01    0.491E-01    0.171E-01    0.171E-01    0.165E-02    0.165E-02
    30.000     0.130    0.648E+00    0.393E+00    0.882E+00    0.721E-01    0.105E+00    0.443E-01    0.443E-01    0.148E-01    0.148E-01    0.142E-02    0.142E-02
    30.000     0.140    0.647E+00    0.383E+00    0.787E+00    0.653E-01    0.964E-01    0.400E-01    0.400E-01    0.128E-01    0.128E-01    0.123E-02    0.123E-02
    30.000     0.150    0.645E+00    0.373E+00    0.705E+00    0.594E-01    0.883E-01    0.362E-01    0.362E-01    0.112E-01    0.112E-01    0.107E-02    0.107E-02
    30.000     0.160    0.642E+00    0.362E+00    0.633E+00    0.541E-01    0.806E-01    0.328E-01    0.328E-01    0.977E-02    0.977E-02    0.930E-03    0.930E-03
    30.000     0.170    0.638E+00    0.352E+00    0.570E+00    0.495E-01    0.733E-01    0.297E-01    0.297E-01    0.858E-02    0.858E-02    0.814E-03    0.814E-03
    30.000     0.180    0.633E+00    0.341E+00    0.514E+00    0.453E-01    0.665E-01    0.269E-01    0.269E-01    0.756E-02    0.756E-02    0.714E-03    0.714E-03
    30.000     0.190    0.626E+00    0.331E+00    0.465E+00    0.415E-01    0.602E-01    0.243E-01    0.243E-01    0.668E-02    0.668E-02    0.629E-03    0.629E-03
    30.000     0.200    0.619E+00    0.320E+00    0.422E+00    0.381E-01    0.543E-01    0.220E-01    0.220E-01    0.592E-02    0.592E-02    0.555E-03    0.555E-03
    30.000     0.210    0.610E+00    0.310E+00    0.383E+00    0.350E-01    0.488E-01    0.199E-01    0.199E-01    0.525E-02    0.525E-02    0.490E-03    0.490E-03
    30.000     0.220    0.601E+00    0.300E+00    0.349E+00    0.321E-01    0.439E-01    0.180E-01    0.180E-01    0.467E-02    0.467E-02    0.434E-03    0.434E-03
    30.000     0.230    0.591E+00    0.289E+00    0.318E+00    0.294E-01    0.393E-01    0.162E-01    0.162E-01    0.415E-02    0.415E-02    0.384E-03    0.384E-03
    30.000     0.240    0.580E+00    0.279E+00    0.291E+00    0.269E-01    0.351E-01    0.146E-01    0.146E-01    0.370E-02    0.370E-02    0.341E-03    0.341E-03
    30.000     0.250    0.568E+00    0.269E+00    0.266E+00    0.246E-01    0.313E-01    0.132E-01    0.132E-01    0.330E-02    0.330E-02    0.302E-03    0.302E-03
    30.000     0.260    0.555E+00    0.259E+00    0.244E+00    0.225E-01    0.279E-01    0.118E-01    0.118E-01    0.295E-02    0.295E-02    0.268E-03    0.268E-03
    30.000     0.270    0.542E+00    0.249E+00    0.223E+00    0.205E-01    0.248E-01    0.106E-01    0.106E-01    0.263E-02    0.263E-02    0.238E-03    0.238E-03
    30.000     0.280    0.529E+00    0.238E+00    0.205E+00    0.186E-01    0.220E-01    0.953E-02    0.953E-02    0.235E-02    0.235E-02    0.212E-03    0.212E-03
    30.000     0.290    0.515E+00    0.228E+00    0.188E+00    0.168E-01    0.195E-01    0.853E-02    0.853E-02    0.209E-02    0.209E-02    0.188E-03    0.188E-03
    30.000     0.300    0.501E+00    0.218E+00    0.172E+00    0.152E-01    0.173E-01    0.762E-02    0.762E-02    0.186E-02    0.186E-02    0.166E-03    0.166E-03
    30.000     0.310    0.486E+00    0.208E+00    0.158E+00    0.137E-01    0.153E-01    0.680E-02    0.680E-02    0.166E-02    0.166E-02    0.148E-03    0.148E-03
    30.000     0.320    0.471E+00    0.198E+00    0.145E+00    0.123E-01    0.135E-01    0.605E-02    0.605E-02    0.148E-02    0.148E-02    0.131E-03    0.131E-03
    30.000     0.330    0.456E+00    0.189E+00    0.133E+00    0.110E-01    0.119E-01    0.538E-02    0.538E-02    0.131E-02    0.131E-02    0.116E-03    0.116E-03
    30.000     0.340    0.441E+00    0.179E+00    0.122E+00    0.983E-02    0.105E-01    0.477E-02    0.477E-02    0.116E-02    0.116E-02    0.102E-03    0.102E-03
    30.000     0.350    0.426E+00    0.169E+00    0.111E+00    0.875E-02    0.924E-02    0.422E-02    0.422E-02    0.103E-02    0.103E-02    0.902E-04    0.902E-04
    30.000     0.360    0.410E+00    0.160E+00    0.102E+00    0.776E-02    0.812E-02    0.372E-02    0.372E-02    0.911E-03    0.911E-03    0.794E-04    0.794E-04
    30.000     0.370    0.395E+00    0.151E+00    0.932E-01    0.686E-02    0.712E-02    0.328E-02    0.328E-02    0.804E-03    0.804E-03    0.699E-04    0.699E-04
    30.000     0.380    0.380E+00    0.142E+00    0.850E-01    0.605E-02    0.623E-02    0.288E-02    0.288E-02    0.708E-03    0.708E-03    0.614E-04    0.614E-04
    30.000     0.390    0.364E+00    0.133E+00    0.775E-01    0.532E-02    0.544E-02    0.253E-02    0.253E-02    0.622E-03    0.622E-03    0.538E-04    0.538E-04
    30.000     0.400    0.349E+00    0.125E+00    0.706E-01    0.466E-02    0.475E-02    0.221E-02    0.221E-02    0.545E-03    0.545E-03    0.470E-04    0.470E-04
    30.000     0.410    0.334E+00    0.117E+00    0.642E-01    0.407E-02    0.413E-02    0.193E-02    0.193E-02    0.476E-03    0.476E-03    0.411E-04    0.411E-04
    30.000     0.420    0.319E+00    0.109E+00    0.582E-01    0.354E-02    0.358E-02    0.167E-02    0.167E-02    0.415E-03    0.415E-03    0.357E-04    0.357E-04
    30.000     0.430    0.305E+00    0.101E+00    0.528E-01    0.308E-02    0.310E-02    0.145E-02    0.145E-02    0.361E-03    0.361E-03    0.311E-04    0.311E-04
    30.000     0.440    0.290E+00    0.937E-01    0.477E-01    0.266E-02    0.268E-02    0.126E-02    0.126E-02    0.313E-03    0.313E-03    0.269E-04    0.269E-04
    30.000     0.450    0.276E+00    0.866E-01    0.430E-01    0.230E-02    0.231E-02    0.108E-02    0.108E-02    0.270E-03    0.270E-03    0.233E-04    0.233E-04
    30.000     0.460    0.262E+00    0.799E-01    0.387E-01    0.197E-02    0.198E-02    0.931E-03    0.931E-03    0.232E-03    0.232E-03    0.200E-04    0.200E-04
    30.000     0.470    0.248E+00    0.735E-01    0.348E-01    0.169E-02    0.170E-02    0.797E-03    0.797E-03    0.199E-03    0.199E-03    0.172E-04    0.172E-04
    30.000     0.480    0.235E+00    0.675E-01    0.312E-01    0.145E-02    0.145E-02    0.681E-03    0.681E-03    0.170E-03    0.170E-03    0.148E-04    0.148E-04
    30.000     0.490    0.222E+00    0.618E-01    0.279E-01    0.123E-02    0.123E-02    0.579E-03    0.579E-03    0.145E-03    0.145E-03    0.126E-04    0.126E-04
    30.000     0.500    0.209E+00    0.564E-01    0.249E-01    0.104E-02    0.104E-02    0.491E-03    0.491E-03    0.123E-03    0.123E-03    0.107E-04    0.107E-04
    30.000     0.510    0.197E+00    0.513E-01    0.221E-01    0.880E-03    0.881E-03    0.414E-03    0.414E-03    0.104E-03    0.104E-03    0.911E-05    0.911E-05
    30.000     0.520    0.185E+00    0.466E-01    0.196E-01    0.741E-03    0.741E-03    0.349E-03    0.349E-03    0.871E-04    0.871E-04    0.771E-05    0.771E-05
    30.000     0.530    0.173E+00    0.421E-01    0.173E-01    0.621E-03    0.621E-03    0.292E-03    0.292E-03    0.727E-04    0.727E-04    0.649E-05    0.649E-05
    30.000     0.540    0.162E+00    0.380E-01    0.153E-01    0.518E-03    0.518E-03    0.244E-03    0.244E-03    0.605E-04    0.605E-04    0.545E-05    0.545E-05
    30.000     0.550    0.151E+00    0.342E-01    0.134E-01    0.430E-03    0.430E-03    0.202E-03    0.202E-03    0.500E-04    0.500E-04    0.455E-05    0.455E-05
    30.000     0.560    0.141E+00    0.307E-01    0.118E-01    0.356E-03    0.356E-03    0.167E-03    0.167E-03    0.412E-04    0.412E-04    0.379E-05    0.379E-05
    30.000     0.570    0.131E+00    0.274E-01    0.103E-01    0.293E-03    0.293E-03    0.137E-03    0.137E-03    0.337E-04    0.337E-04    0.314E-05    0.314E-05
    30.000     0.580    0.121E+00    0.244E-01    0.893E-02    0.240E-03    0.240E-03    0.112E-03    0.112E-03    0.273E-04    0.273E-04    0.259E-05    0.259E-05
    30.000     0.590    0.112E+00    0.217E-01    0.774E-02    0.195E-03    0.195E-03    0.913E-04    0.913E-04    0.221E-04    0.221E-04    0.213E-05    0.213E-05
    30.000     0.600    0.104E+00    0.192E-01    0.668E-02    0.158E-03    0.158E-03    0.738E-04    0.738E-04    0.177E-04    0.177E-04    0.174E-05    0.174E-05
    30.000     0.610    0.953E-01    0.170E-01    0.574E-02    0.127E-03    0.127E-03    0.594E-04    0.594E-04    0.141E-04    0.141E-04    0.141E-05    0.141E-05
    30.000     0.620    0.875E-01    0.149E-01    0.492E-02    0.102E-03    0.102E-03    0.474E-04    0.474E-04    0.111E-04    0.111E-04    0.114E-05    0.114E-05
    30.000     0.630    0.800E-01    0.131E-01    0.419E-02    0.811E-04    0.811E-04    0.376E-04    0.376E-04    0.865E-05    0.865E-05    0.917E-06    0.917E-06
    30.000     0.640    0.729E-01    0.114E-01    0.356E-02    0.640E-04    0.640E-04    0.296E-04    0.296E-04    0.668E-05    0.668E-05    0.731E-06    0.731E-06
    30.000     0.650    0.663E-01    0.997E-02    0.300E-02    0.502E-04    0.502E-04    0.232E-04    0.232E-04    0.511E-05    0.511E-05    0.581E-06    0.581E-06
    30.000     0.660    0.601E-01    0.865E-02    0.252E-02    0.391E-04    0.391E-04    0.180E-04    0.180E-04    0.386E-05    0.386E-05    0.457E-06    0.457E-06
    30.000     0.670    0.542E-01    0.749E-02    0.211E-02    0.302E-04    0.302E-04    0.138E-04    0.138E-04    0.288E-05    0.288E-05    0.358E-06    0.358E-06
    30.000     0.680    0.487E-01    0.645E-02    0.175E-02    0.231E-04    0.231E-04    0.105E-04    0.105E-04    0.211E-05    0.211E-05    0.278E-06    0.278E-06
    30.000     0.690    0.437E-01    0.554E-02    0.145E-02    0.175E-04    0.175E-04    0.791E-05    0.791E-05    0.152E-05    0.152E-05    0.214E-06    0.214E-06
    30.000     0.700    0.389E-01    0.474E-02    0.119E-02    0.131E-04    0.131E-04    0.591E-05    0.591E-05    0.108E-05    0.108E-05    0.163E-06    0.163E-06
    30.000     0.710    0.346E-01    0.404E-02    0.973E-03    0.974E-05    0.974E-05    0.434E-05    0.434E-05    0.738E-06    0.738E-06    0.123E-06    0.123E-06
    30.000     0.720    0.305E-01    0.343E-02    0.789E-03    0.717E-05    0.717E-05    0.316E-05    0.316E-05    0.495E-06    0.495E-06    0.923E-07    0.923E-07
    30.000     0.730    0.268E-01    0.290E-02    0.635E-03    0.518E-05    0.518E-05    0.226E-05    0.226E-05    0.315E-06    0.315E-06    0.681E-07    0.681E-07
    30.000     0.740    0.234E-01    0.244E-02    0.508E-03    0.370E-05    0.370E-05    0.160E-05    0.160E-05    0.191E-06    0.191E-06    0.498E-07    0.498E-07
    30.000     0.750    0.204E-01    0.205E-02    0.402E-03    0.261E-05    0.261E-05    0.111E-05    0.111E-05    0.104E-06    0.104E-06    0.359E-07    0.359E-07
    30.000     0.760    0.176E-01    0.171E-02    0.316E-03    0.180E-05    0.180E-05    0.750E-06    0.750E-06    0.477E-07    0.477E-07    0.255E-07    0.255E-07
    30.000     0.770    0.151E-01    0.142E-02    0.246E-03    0.123E-05    0.123E-05    0.500E-06    0.500E-06    0.161E-07    0.161E-07    0.178E-07    0.178E-07
    30.000     0.780    0.128E-01    0.117E-02    0.190E-03    0.814E-06    0.814E-06    0.322E-06    0.322E-06    0.227E-08    0.227E-08    0.122E-07    0.122E-07
    30.000     0.790    0.108E-01    0.965E-03    0.145E-03    0.536E-06    0.536E-06    0.204E-06    0.204E-06    0.000E+00    0.000E+00    0.824E-08    0.824E-08
    30.000     0.800    0.902E-02    0.787E-03    0.109E-03    0.335E-06    0.335E-06    0.121E-06    0.121E-06    0.000E+00    0.000E+00    0.535E-08    0.535E-08
    30.000     0.810    0.747E-02    0.638E-03    0.816E-04    0.208E-06    0.208E-06    0.706E-07    0.706E-07    0.000E+00    0.000E+00    0.342E-08    0.342E-08
    30.000     0.820    0.611E-02    0.513E-03    0.599E-04    0.122E-06    0.122E-06    0.376E-07    0.376E-07    0.000E+00    0.000E+00    0.209E-08    0.209E-08
    30.000     0.830    0.494E-02    0.409E-03    0.434E-04    0.691E-07    0.691E-07    0.181E-07    0.181E-07    0.000E+00    0.000E+00    0.122E-08    0.122E-08
    30.000     0.840    0.394E-02    0.322E-03    0.309E-04    0.376E-07    0.376E-07    0.762E-08    0.762E-08    0.000E+00    0.000E+00    0.676E-09    0.676E-09
    30.000     0.850    0.309E-02    0.251E-03    0.215E-04    0.180E-07    0.180E-07    0.170E-08    0.170E-08    0.000E+00    0.000E+00    0.329E-09    0.329E-09
    30.000     0.860    0.238E-02    0.193E-03    0.148E-04    0.863E-08    0.863E-08    0.000E+00    0.000E+00    0.000E+00    0.000E+00    0.150E-09    0.150E-09
    30.000     0.870    0.180E-02    0.145E-03    0.983E-05    0.261E-08    0.261E-08    0.000E+00    0.000E+00    0.000E+00    0.000E+00    0.407E-10    0.407E-10
    30.000     0.880    0.133E-02    0.107E-03    0.641E-05    0.536E-09    0.536E-09    0.000E+00    0.000E+00    0.000E+00    0.000E+00    0.227E-11    0.227E-11
    30.000     0.890    0.952E-03    0.773E-04    0.400E-05    0.000E+00    0.000E+00    0.000E+00    0.000E+00    0.000E+00    0.000E+00    0.000E+00    0.000E+00
    30.000     0.900    0.661E-03    0.540E-04    0.241E-05    0.000E+00    0.000E+00    0.000E+00    0.000E+00    0.000E+00    0.000E+00    0.000E+00    0.000E+00
    30.000     0.910    0.441E-03    0.364E-04    0.139E-05    0.000E+00    0.000E+00    0.000E+00    0.000E+00    0.000E+00    0.000E+00    0.000E+00    0.000E+00
    30.000     0.920    0.279E-03    0.233E-04    0.738E-06    0.000E+00    0.000E+00    0.000E+00    0.000E+00    0.000E+00    0.000E+00    0.000E+00    0.000E+00
    30.000     0.930    0.167E-03    0.141E-04    0.386E-06    0.000E+00    0.000E+00    0.000E+00    0.000E+00    0.000E+00    0.000E+00    0.117E-13    0.117E-13
    30.000     0.940    0.906E-04    0.781E-05    0.164E-06    0.000E+00    0.000E+00    0.000E+00    0.000E+00    0.000E+00    0.000E+00    0.204E-12    0.204E-12
    30.000     0.950    0.442E-04    0.388E-05    0.697E-07    0.000E+00    0.000E+00    0.000E+00    0.000E+00    0.000E+00    0.000E+00    0.374E-12    0.374E-12
    30.000     0.960    0.165E-04    0.149E-05    0.203E-07    0.000E+00    0.000E+00    0.000E+00    0.000E+00    0.000E+00    0.000E+00    0.314E-12    0.314E-12
    30.000     0.970    0.279E-05    0.266E-06    0.498E-09    0.000E+00    0.000E+00    0.000E+00    0.000E+00    0.000E+00    0.000E+00    0.123E-12    0.123E-12
    30.000     0.980    0.000E+00    0.000E+00    0.319E-08    0.000E+00    0.000E+00    0.000E+00    0.000E+00    0.000E+00    0.000E+00    0.000E+00    0.000E+00
    30.000     0.990    0.000E+00    0.000E+00    0.956E-08    0.000E+00    0.000E+00    0.000E+00    0.000E+00    0.000E+00    0.000E+00    0.000E+00    0.000E+00

