1.080000 3.27594360e-10
1.082636 4.89625957e-10
1.085272 6.63641845e-10
1.087908 8.49619144e-10
1.090544 1.04650140e-09
1.093181 1.25110884e-09
1.095817 1.46726020e-09
1.098453 1.69494079e-09
1.101089 1.94199047e-09
1.103725 2.21254643e-09
1.106361 2.49578855e-09
1.108997 2.79170777e-09
1.111633 3.12279675e-09
1.114269 3.48199965e-09
1.116905 3.85587967e-09
1.119542 4.24443374e-09
1.122178 4.69612033e-09
1.124814 5.17535689e-09
1.127450 5.67219817e-09
1.130086 6.18953903e-09
1.132722 6.81237288e-09
1.135358 7.45694679e-09
1.137994 8.12327233e-09
1.140630 8.84320816e-09
1.143266 9.68975623e-09
1.145903 1.05637680e-08
1.148539 1.14652688e-08
1.151175 1.24797908e-08
1.153811 1.36336602e-08
1.156447 1.48226438e-08
1.159083 1.60467865e-08
1.161719 1.74284273e-08
1.164355 1.89161970e-08
1.166991 2.05557645e-08
1.169628 2.22775429e-08
1.172264 2.41778349e-08
1.174900 2.61520427e-08
1.177536 2.83240954e-08
1.180172 3.05680276e-08
1.182808 3.29917943e-08
1.185444 3.53487329e-08
1.188080 3.71446693e-08
1.190716 3.92558809e-08
1.193352 4.20544470e-08
1.195989 4.48822024e-08
1.198625 4.77132178e-08
1.201261 5.05012548e-08
1.203897 5.32323837e-08
1.206533 5.58273881e-08
1.209169 5.83329134e-08
1.211805 6.06649356e-08
1.214441 6.28281591e-08
1.217077 6.47148744e-08
1.219713 6.64171039e-08
1.222350 6.76864503e-08
1.224986 6.89144000e-08
1.227622 6.98458688e-08
1.230258 7.06856687e-08
1.232894 7.12121676e-08
1.235530 7.16949259e-08
1.238166 7.20353107e-08
1.240802 7.23155438e-08
1.243438 7.24814275e-08
1.246074 7.26219475e-08
1.248711 7.27371703e-08
1.251347 7.29232594e-08
1.253983 7.31738705e-08
1.256619 7.33963645e-08
1.259255 7.35908707e-08
1.261891 7.40811313e-08
1.264527 7.46706143e-08
1.267163 7.52319810e-08
1.269799 7.57654686e-08
1.272436 7.68191111e-08
1.275072 7.78903192e-08
1.277708 7.89343511e-08
1.280344 8.00544298e-08
1.282980 8.18315626e-08
1.285616 8.35789131e-08
1.288252 8.52970687e-08
1.290888 8.72864888e-08
1.293524 8.98336198e-08
1.296160 9.23469939e-08
1.298797 9.48274345e-08
1.301433 9.78028139e-08
1.304069 1.01182644e-07
1.306705 1.04523187e-07
1.309341 1.07825522e-07
1.311977 1.11927581e-07
1.314613 1.16260777e-07
1.317249 1.20545859e-07
1.319885 1.24784210e-07
1.322521 1.30146259e-07
1.325158 1.35500492e-07
1.327794 1.40795140e-07
1.330430 1.46246770e-07
1.333066 1.52732251e-07
1.335702 1.59141469e-07
1.338338 1.65476542e-07
1.340974 1.72199417e-07
1.343610 1.79620094e-07
1.346246 1.86948823e-07
1.348883 1.94188052e-07
1.351519 2.01952595e-07
1.354155 2.10063174e-07
1.356791 2.18066508e-07
1.359427 2.25965313e-07
1.362063 2.34298386e-07
1.364699 2.42660867e-07
1.367335 2.50904238e-07
1.369971 2.59031350e-07
1.372607 2.67249152e-07
1.375244 2.75341320e-07
1.377880 2.83308392e-07
1.380516 2.91084447e-07
1.383152 2.98454150e-07
1.385788 3.05699953e-07
1.388424 3.12824495e-07
1.391060 3.19539704e-07
1.393696 3.25709329e-07
1.396332 3.31768900e-07
1.398968 3.37720683e-07
1.401605 3.43085821e-07
1.404241 3.48048354e-07
1.406877 3.52921895e-07
1.409513 3.57708282e-07
1.412149 3.61971346e-07
1.414785 3.66066518e-07
1.417421 3.70096106e-07
1.420057 3.74060344e-07
1.422693 3.77914339e-07
1.425330 3.81722740e-07
1.427966 3.85486811e-07
1.430602 3.89332288e-07
1.433238 3.93564310e-07
1.435874 3.97767923e-07
1.438510 4.01944332e-07
1.441146 4.06639009e-07
1.443782 4.12021785e-07
1.446418 4.17388535e-07
1.449054 4.22740596e-07
1.451691 4.29473649e-07
1.454327 4.36976224e-07
1.456963 4.44470462e-07
1.459599 4.51958056e-07
1.462235 4.62352461e-07
1.464871 4.73263538e-07
1.467507 4.84170753e-07
1.470143 4.95345316e-07
1.472779 5.11207172e-07
1.475415 5.27087654e-07
1.478052 5.42989877e-07
1.480688 5.68403308e-07
1.483324 6.20333633e-07
1.485960 6.71686555e-07
1.488596 7.22476636e-07
1.491232 7.65790674e-07
1.493868 8.00614869e-07
1.496504 8.34833247e-07
1.499140 8.68457310e-07
1.501777 8.93172887e-07
1.504413 9.13463362e-07
1.507049 9.33398812e-07
1.509685 9.52986179e-07
1.512321 9.63458087e-07
1.514957 9.72481211e-07
1.517593 9.81256251e-07
1.520229 9.89043064e-07
1.522865 9.88815545e-07
1.525501 9.88423679e-07
1.528138 9.87869190e-07
1.530774 9.85708141e-07
1.533410 9.79944158e-07
1.536046 9.74078010e-07
1.538682 9.68109957e-07
1.541318 9.61152800e-07
1.543954 9.53238334e-07
1.546590 9.45264199e-07
1.549226 9.37229963e-07
1.551862 9.29177496e-07
1.554499 9.21110163e-07
1.557135 9.13014642e-07
1.559771 9.04890254e-07
1.562407 8.97629392e-07
1.565043 8.90451236e-07
1.567679 8.83271291e-07
1.570315 8.76257736e-07
1.572951 8.70500470e-07
1.575587 8.64767714e-07
1.578223 8.59058828e-07
1.580860 8.53950513e-07
1.583496 8.50076772e-07
1.586132 8.46253456e-07
1.588768 8.42480064e-07
1.591404 8.39938433e-07
1.594040 8.38504071e-07
1.596676 8.37145441e-07
1.599312 8.35862271e-07
1.601948 8.36666850e-07
1.604585 8.38276246e-07
1.607221 8.39983131e-07
1.609857 8.41787590e-07
1.612493 8.47890104e-07
1.615129 8.54313822e-07
1.617765 8.60817901e-07
1.620401 8.67941589e-07
1.623037 8.78145328e-07
1.625673 8.88431681e-07
1.628309 8.98802385e-07
1.630946 9.09964491e-07
1.633582 9.22468231e-07
1.636218 9.35051269e-07
1.638854 9.47715774e-07
1.641490 9.60650134e-07
1.644126 9.73798135e-07
1.646762 9.87014596e-07
1.649398 1.00030188e-06
1.652034 1.01261246e-06
1.654670 1.02466373e-06
1.657307 1.03676542e-06
1.659943 1.04891983e-06
1.662579 1.05851450e-06
1.665215 1.06807775e-06
1.667851 1.07766940e-06
1.670487 1.08667926e-06
1.673123 1.09300697e-06
1.675759 1.09934588e-06
1.678395 1.10569759e-06
1.681032 1.10934485e-06
1.683668 1.10865485e-06
1.686304 1.10780446e-06
1.688940 1.10679557e-06
1.691576 1.11291270e-06
1.694212 1.12383815e-06
1.696848 1.13469194e-06
1.699484 1.14547742e-06
1.702120 1.15486378e-06
1.704756 1.16390745e-06
1.707393 1.17294023e-06
1.710029 1.18193878e-06
1.712665 1.18858024e-06
1.715301 1.19521602e-06
1.717937 1.20184813e-06
1.720573 1.20796923e-06
1.723209 1.21225652e-06
1.725845 1.21654501e-06
1.728481 1.22083621e-06
1.731117 1.22433867e-06
1.733754 1.22677087e-06
1.736390 1.22921233e-06
1.739026 1.23166417e-06
1.741662 1.23329597e-06
1.744298 1.23445729e-06
1.746934 1.23563736e-06
1.749570 1.23683693e-06
1.752206 1.23732622e-06
1.754842 1.23770066e-06
1.757479 1.23810364e-06
1.760115 1.23851222e-06
1.762751 1.23843888e-06
1.765387 1.23840298e-06
1.768023 1.23840481e-06
1.770659 1.23837261e-06
1.773295 1.23816692e-06
1.775931 1.23800684e-06
1.778567 1.23789252e-06
1.781203 1.23778895e-06
1.783840 1.23769390e-06
1.786476 1.23765091e-06
1.789112 1.23766005e-06
1.791748 1.23783455e-06
1.794384 1.23812260e-06
1.797020 1.23846753e-06
1.799656 1.23886940e-06
1.802292 1.23969207e-06
1.804928 1.24062950e-06
1.807564 1.24162742e-06
1.810201 1.24273537e-06
1.812837 1.24450520e-06
1.815473 1.24633817e-06
1.818109 1.24823451e-06
1.820745 1.25042018e-06
1.823381 1.25324365e-06
1.826017 1.25613287e-06
1.828653 1.25908827e-06
1.831289 1.26253321e-06
1.833926 1.26648760e-06
1.836562 1.27051055e-06
1.839198 1.27460271e-06
1.841834 1.27932408e-06
1.844470 1.28436088e-06
1.847106 1.28946928e-06
1.849742 1.29465013e-06
1.852378 1.30050420e-06
1.855014 1.30649731e-06
1.857650 1.31256544e-06
1.860287 1.31875995e-06
1.862923 1.32544364e-06
1.865559 1.33220487e-06
1.868195 1.33904484e-06
1.870831 1.34603177e-06
1.873467 1.35324453e-06
1.876103 1.36053831e-06
1.878739 1.36791443e-06
1.881375 1.37537386e-06
1.884011 1.38291663e-06
1.886648 1.39054395e-06
1.889284 1.39825716e-06
1.891920 1.40594061e-06
1.894556 1.41366739e-06
1.897192 1.42148227e-06
1.899828 1.42938657e-06
1.902464 1.43713206e-06
1.905100 1.44495051e-06
1.907736 1.45286057e-06
1.910372 1.46082328e-06
1.913009 1.46863479e-06
1.915645 1.47654044e-06
1.918281 1.48454147e-06
1.920917 1.49255304e-06
1.923553 1.50050053e-06
1.926189 1.50854627e-06
1.928825 1.51669144e-06
1.931461 1.52485465e-06
1.934097 1.53305336e-06
1.936734 1.54135505e-06
1.939370 1.54976085e-06
1.942006 1.55825069e-06
1.944642 1.56684104e-06
1.947278 1.57553972e-06
1.949914 1.58434780e-06
1.952550 1.59337752e-06
1.955186 1.60252442e-06
1.957822 1.61178583e-06
1.960458 1.62120513e-06
1.963095 1.63094385e-06
1.965731 1.64080311e-06
1.968367 1.65078399e-06
1.971003 1.66103417e-06
1.973639 1.67164962e-06
1.976275 1.68239383e-06
1.978911 1.69326789e-06
1.981547 1.70455965e-06
1.984183 1.71618904e-06
1.986819 1.72795638e-06
1.989456 1.73986284e-06
1.992092 1.75237712e-06
1.994728 1.76515959e-06
1.997364 1.77809039e-06
2.000000 1.79117074e-06
