1.080000 9.10365409e-14 5.22152294e-14 1.63679500e-13 3.11406366e-14 3.47647956e-13
1.082636 1.31114801e-13 7.52643890e-14 2.35576711e-13 4.49151819e-14 4.99729912e-13
1.085272 1.71528187e-13 9.85440061e-14 3.07976909e-13 5.88447120e-14 6.52497891e-13
1.087908 2.12275627e-13 1.22054059e-13 3.80877023e-13 7.29295128e-14 8.05942594e-13
1.090544 2.53109331e-13 1.45652545e-13 4.53774395e-13 8.70849781e-14 9.59119994e-13
1.093181 2.93321096e-13 1.68931822e-13 5.25405791e-13 1.01067359e-13 1.10935215e-12
1.095817 3.33853445e-13 1.92434378e-13 5.97483765e-13 1.15201084e-13 1.26021297e-12
1.098453 3.74705106e-13 2.16160028e-13 6.70004231e-13 1.29486320e-13 1.41169323e-12
1.101089 4.17571358e-13 2.41088101e-13 7.45994043e-13 1.44510362e-13 1.57016331e-12
1.103725 4.63188646e-13 2.67647110e-13 8.26757902e-13 1.60531614e-13 1.73834620e-12
1.106361 5.09154185e-13 2.94424072e-13 9.07997523e-13 1.76720393e-13 1.90718512e-12
1.108997 5.55466331e-13 3.21440976e-13 9.89708097e-13 1.93076769e-13 2.07666973e-12
1.111633 6.06507121e-13 3.51236879e-13 1.07968856e-12 2.11116953e-13 2.26314735e-12
1.114269 6.60627896e-13 3.82862653e-13 1.17498394e-12 2.30275907e-13 2.46038019e-12
1.116905 7.15145422e-13 4.14766341e-13 1.27081128e-12 2.49624739e-13 2.65833242e-12
1.119542 7.70057542e-13 4.46947486e-13 1.36716471e-12 2.69162965e-13 2.85699196e-12
1.122178 8.33990057e-13 4.84417109e-13 1.47934278e-12 2.91910005e-13 3.08829661e-12
1.124814 9.00201986e-13 5.23268903e-13 1.59535579e-12 3.15515786e-13 3.32714590e-12
1.127450 9.66881090e-13 5.62451960e-13 1.71198396e-12 3.39347121e-13 3.56681201e-12
1.130086 1.03450874e-12 6.02247441e-13 1.83007656e-12 3.63573415e-13 3.80906333e-12
1.132722 1.11702060e-12 6.50775826e-13 1.97425943e-12 3.93099774e-13 4.10510026e-12
1.135358 1.20010143e-12 6.99710803e-13 2.11918289e-12 4.22902195e-13 4.40210953e-12
1.137994 1.28374748e-12 7.49051304e-13 2.26483768e-12 4.52979559e-13 4.70007319e-12
1.140630 1.37290913e-12 8.01689146e-13 2.41994697e-12 4.85081125e-13 5.01707780e-12
1.143266 1.47848481e-12 8.64000926e-13 2.60367705e-12 5.23069643e-13 5.39277002e-12
1.145903 1.58476343e-12 9.26820794e-13 2.78830669e-12 5.61401501e-13 5.76962391e-12
1.148539 1.69173991e-12 9.90147133e-13 2.97382385e-12 6.00075001e-13 6.14761693e-12
1.151175 1.81184779e-12 1.06126407e-12 3.18206198e-12 6.43506178e-13 6.57184382e-12
1.153811 1.94825735e-12 1.14204824e-12 3.41852131e-12 6.92893652e-13 7.05352831e-12
1.156447 2.08554379e-12 1.22347345e-12 3.65608374e-12 7.42813069e-13 7.53661429e-12
1.159083 2.22370017e-12 1.30553731e-12 3.89473352e-12 7.93186959e-13 8.02107320e-12
1.161719 2.37944866e-12 1.39806672e-12 4.16372882e-12 8.49990098e-13 8.56710946e-12
1.164355 2.54511913e-12 1.49657615e-12 4.45006615e-12 9.10308355e-13 9.14682436e-12
1.166991 2.72638536e-12 1.60441868e-12 4.76333874e-12 9.76213218e-13 9.78039287e-12
1.169628 2.91349578e-12 1.71587330e-12 5.08641653e-12 1.04435003e-12 1.04326092e-11
1.172264 3.11868747e-12 1.83816117e-12 5.44067818e-12 1.11911561e-12 1.11471182e-11
1.174900 3.32791047e-12 1.96302035e-12 5.80102936e-12 1.19560464e-12 1.18734621e-11
1.177536 3.55663746e-12 2.09959098e-12 6.19497990e-12 1.27985448e-12 1.26666906e-11
1.180172 3.78847358e-12 2.23821478e-12 6.59381679e-12 1.36549158e-12 1.34681692e-11
1.182808 4.03658245e-12 2.38667978e-12 7.02037200e-12 1.45727336e-12 1.43245779e-11
1.185444 1.68187941e-12 -3.39948086e-13 5.05260438e-12 -1.72453466e-12 1.22374197e-11
1.188080 -1.34455709e-11 -1.90904897e-11 -7.24142580e-12 -2.51963655e-11 2.53142674e-13
1.190716 -2.42595600e-11 -3.28735190e-11 -1.56058606e-11 -4.28616701e-11 -6.65236923e-12
1.193352 -2.38289650e-11 -3.24570549e-11 -1.50408377e-11 -4.23627834e-11 -5.76829370e-12
1.195989 -2.34343643e-11 -3.21279247e-11 -1.45621924e-11 -4.18085257e-11 -4.90046259e-12
1.198625 -2.30999064e-11 -3.17915802e-11 -1.42327366e-11 -4.12821852e-11 -4.43885218e-12
1.201261 -2.28498423e-11 -3.15597350e-11 -1.38896457e-11 -4.08971712e-11 -3.64352778e-12
1.203897 -2.26911038e-11 -3.14540780e-11 -1.36257477e-11 -4.06764145e-11 -3.15758634e-12
1.206533 -2.24485356e-11 -3.12928489e-11 -1.32430215e-11 -4.03736680e-11 -2.58087824e-12
1.209169 -2.21463401e-11 -3.08820295e-11 -1.29110618e-11 -4.00928339e-11 -1.96412607e-12
1.211805 -2.18854608e-11 -3.05989503e-11 -1.25567886e-11 -3.98510972e-11 -1.42804493e-12
1.214441 -2.02241866e-11 -2.84969664e-11 -1.10722751e-11 -3.74856174e-11 1.05480980e-14
1.217077 -1.95763904e-11 -2.76919145e-11 -1.04759936e-11 -3.66132852e-11 6.90006677e-13
1.219713 -1.78112845e-11 -2.55526873e-11 -9.03099343e-12 -3.40425788e-11 2.22305612e-12
1.222350 -1.76638296e-11 -2.53635060e-11 -8.86620686e-12 -3.38493584e-11 2.51477401e-12
1.224986 -1.77463684e-11 -2.54668871e-11 -8.90870867e-12 -3.39897076e-11 2.54212304e-12
1.227622 -1.59209250e-11 -2.31659399e-11 -7.37544566e-12 -3.11181878e-11 3.91417846e-12
1.230258 -1.38889398e-11 -2.06816845e-11 -5.71546931e-12 -2.77149697e-11 5.73010591e-12
1.232894 -1.21855545e-11 -1.85345556e-11 -4.48738362e-12 -2.51242124e-11 7.31594107e-12
1.235530 -1.01112888e-11 -1.58809271e-11 -2.82097689e-12 -2.17764435e-11 8.47669973e-12
1.238166 -6.52789056e-12 -1.14704165e-11 7.79773274e-14 -1.62446930e-11 1.15124835e-11
1.240802 -2.73625876e-12 -6.85261580e-12 3.31838491e-12 -1.05700064e-11 1.48549432e-11
1.243438 1.56919774e-12 -1.76260713e-12 6.89674725e-12 -4.12623484e-12 1.81614484e-11
1.246074 5.83458901e-12 3.04113226e-12 1.07085677e-11 1.42833020e-12 2.22491170e-11
1.248711 1.00601618e-11 7.58079443e-12 1.46624060e-11 5.83495344e-12 2.61256755e-11
1.251347 1.60631237e-11 1.32894838e-11 2.12785795e-11 1.09890256e-11 3.13774675e-11
1.253983 2.37420500e-11 2.00886528e-11 3.06198647e-11 1.64753092e-11 3.99514908e-11
1.256619 3.13498599e-11 2.64941614e-11 3.97239336e-11 2.19964572e-11 4.84367182e-11
1.259255 3.88870425e-11 3.26809884e-11 4.88320747e-11 2.71152954e-11 5.89592181e-11
1.261891 5.02564861e-11 4.18431378e-11 6.29856853e-11 3.48165694e-11 7.58703439e-11
1.264527 6.30514352e-11 5.21099692e-11 7.90081442e-11 4.33953899e-11 9.61265131e-11
1.267163 7.57284783e-11 6.23553646e-11 9.40032890e-11 5.19932800e-11 1.15937401e-10
1.269799 8.82884955e-11 7.21666093e-11 1.09765837e-10 6.01992211e-11 1.35543431e-10
1.272436 1.07132729e-10 8.69512070e-11 1.33425710e-10 7.21661993e-11 1.64942040e-10
1.275072 1.26328751e-10 1.02064635e-10 1.57128187e-10 8.45164478e-11 1.94839806e-10
1.277708 1.45348478e-10 1.16600850e-10 1.81179587e-10 9.62017336e-11 2.24411534e-10
1.280344 1.65673510e-10 1.32453721e-10 2.06870919e-10 1.09101516e-10 2.55970104e-10
1.282980 1.95635219e-10 1.55955464e-10 2.43835316e-10 1.28362332e-10 3.02498590e-10
1.285616 2.25323157e-10 1.79403651e-10 2.81113700e-10 1.47471109e-10 3.48523120e-10
1.288252 2.54739589e-10 2.02117490e-10 3.17734136e-10 1.66051666e-10 3.94049119e-10
1.290888 2.88705836e-10 2.28943329e-10 3.60126106e-10 1.87956904e-10 4.46576775e-10
1.293524 3.31801822e-10 2.62744925e-10 4.13933026e-10 2.15763514e-10 5.13206243e-10
1.296160 3.74505432e-10 2.96071229e-10 4.67542534e-10 2.43368752e-10 5.79204308e-10
1.298797 4.16820069e-10 3.28654722e-10 5.20644549e-10 2.70773673e-10 6.45086577e-10
1.301433 4.68063377e-10 3.68833461e-10 5.84942839e-10 3.03973628e-10 7.24849431e-10
1.304069 5.26630064e-10 4.14588550e-10 6.58415365e-10 3.41016602e-10 8.15962015e-10
1.306705 5.84665723e-10 4.59539041e-10 7.31194821e-10 3.76076929e-10 9.06143996e-10
1.309341 6.42175151e-10 5.04898547e-10 8.03188968e-10 4.11798468e-10 9.95223872e-10
1.311977 7.15768517e-10 5.62339190e-10 8.95211502e-10 4.58777876e-10 1.10885791e-09
1.314613 7.94207759e-10 6.22966704e-10 9.93251112e-10 5.08899574e-10 1.22985519e-09
1.317249 8.71939550e-10 6.83854352e-10 1.09034417e-09 5.58640513e-10 1.34958509e-09
1.319885 9.48970502e-10 7.44514661e-10 1.18650052e-09 6.08003314e-10 1.46789238e-09
1.322521 1.05079923e-09 8.24673248e-10 1.31365547e-09 6.73206781e-10 1.62429603e-09
1.325158 1.15286815e-09 9.04841418e-10 1.44079442e-09 7.38650605e-10 1.78080077e-09
1.327794 1.25402220e-09 9.84278217e-10 1.56701236e-09 8.03598499e-10 1.93562252e-09
1.330430 1.35943833e-09 1.06731869e-09 1.69861346e-09 8.71029706e-10 2.09676536e-09
1.333066 1.49032460e-09 1.17039082e-09 1.86175879e-09 9.55093028e-10 2.29694949e-09
1.335702 1.62004495e-09 1.27264440e-09 2.02296298e-09 1.03867640e-09 2.49499825e-09
1.338338 1.74861078e-09 1.37387114e-09 2.18260952e-09 1.12135953e-09 2.69140983e-09
1.340974 1.88832634e-09 1.48343499e-09 2.35604374e-09 1.21110713e-09 2.90510757e-09
1.343610 2.04768107e-09 1.60839772e-09 2.55383320e-09 1.31385738e-09 3.14881096e-09
1.346246 2.20562670e-09 1.73230915e-09 2.74972401e-09 1.41584600e-09 3.39006376e-09
1.348883 2.36217740e-09 1.85517958e-09 2.94373645e-09 1.51707926e-09 3.62889353e-09
1.351519 2.53611181e-09 1.99169370e-09 3.15984921e-09 1.62957835e-09 3.89418642e-09
1.354155 2.72226464e-09 2.13781939e-09 3.39057263e-09 1.75005591e-09 4.17795844e-09
1.356791 2.90678452e-09 2.28272575e-09 3.61936546e-09 1.86964593e-09 4.45890127e-09
1.359427 3.08968819e-09 2.42642495e-09 3.84625368e-09 1.98835603e-09 4.73704726e-09
1.362063 3.29183440e-09 2.58523303e-09 4.09700520e-09 2.11948012e-09 5.04441449e-09
1.364699 3.49798303e-09 2.74819459e-09 4.35208753e-09 2.25327775e-09 5.35757916e-09
1.367335 3.70233838e-09 2.90988633e-09 4.60416553e-09 2.38607923e-09 5.66755236e-09
1.369971 3.90491921e-09 3.07030417e-09 4.85381692e-09 2.51789307e-09 5.97397260e-09
1.372607 4.12220675e-09 3.24221400e-09 5.12315808e-09 2.65930552e-09 6.30252227e-09
1.375244 4.33779682e-09 3.41287640e-09 5.39034970e-09 2.79970809e-09 6.62806705e-09
1.377880 4.55152766e-09 3.58219075e-09 5.65514544e-09 2.93826464e-09 6.95036780e-09
1.380516 4.76362708e-09 3.75033214e-09 5.91783287e-09 3.07586016e-09 7.26978342e-09
1.383152 4.97475639e-09 3.91781373e-09 6.17869089e-09 3.21289969e-09 7.58733864e-09
1.385788 5.18407641e-09 4.08397953e-09 6.43616653e-09 3.34886608e-09 7.90174914e-09
1.388424 5.39160671e-09 4.24884251e-09 6.69125738e-09 3.48376993e-09 8.21305291e-09
1.391060 5.59205072e-09 4.40822525e-09 6.93739708e-09 3.61418717e-09 8.51319411e-09
1.393696 5.78291887e-09 4.56015796e-09 7.17150884e-09 3.73850298e-09 8.79840797e-09
1.396332 5.97216455e-09 4.71090551e-09 7.40346503e-09 3.86185227e-09 9.08081807e-09
1.398968 6.15980567e-09 4.86047991e-09 7.63329117e-09 3.98424487e-09 9.36045874e-09
1.401605 6.33231682e-09 4.99820824e-09 7.84424788e-09 4.09694748e-09 9.61606016e-09
1.404241 6.49470028e-09 5.12802555e-09 8.04264758e-09 4.20405279e-09 9.85567306e-09
1.406877 6.65571420e-09 5.25683748e-09 8.24181627e-09 4.31093576e-09 1.00928915e-08
1.409513 6.81537408e-09 5.38465455e-09 8.43684610e-09 4.41706464e-09 1.03277459e-08
1.412149 6.95506577e-09 5.49677401e-09 8.60593031e-09 4.51037950e-09 1.05320399e-08
1.414785 7.08938072e-09 5.60470756e-09 8.76823567e-09 4.60031301e-09 1.07279324e-08
1.417421 7.22257209e-09 5.71181184e-09 8.92902697e-09 4.68961658e-09 1.09218776e-08
1.420057 7.35431463e-09 5.81782845e-09 9.08829950e-09 4.77807736e-09 1.11133890e-08
1.422693 7.46980025e-09 5.91118659e-09 9.22797169e-09 4.85608400e-09 1.12800914e-08
1.425330 7.58432624e-09 6.00395745e-09 9.36638512e-09 4.93354914e-09 1.14451425e-08
1.427966 7.69790395e-09 6.09536948e-09 9.50355547e-09 5.01047857e-09 1.16085639e-08
1.430602 7.80972495e-09 6.18583512e-09 9.63849400e-09 5.08634825e-09 1.17691370e-08
1.433238 7.91786661e-09 6.27344098e-09 9.76884858e-09 5.15991233e-09 1.19239626e-08
1.435874 8.02512220e-09 6.36038769e-09 9.89804444e-09 5.23313477e-09 1.20785204e-08
1.438510 8.13150234e-09 6.44668267e-09 1.00260962e-08 5.30596846e-09 1.22327669e-08
1.441146 8.24218302e-09 6.53608053e-09 1.01593976e-08 5.38171890e-09 1.23933419e-08
1.443782 8.35865743e-09 6.62929882e-09 1.02997882e-08 5.46137552e-09 1.25624759e-08
1.446418 8.47419519e-09 6.72209792e-09 1.04389547e-08 5.54050796e-09 1.27300697e-08
1.449054 8.58880750e-09 6.81532461e-09 1.05769126e-08 5.61912186e-09 1.28961431e-08
1.451691 8.72319303e-09 6.92547265e-09 1.07391612e-08 5.71080211e-09 1.30917416e-08
1.454327 8.86804064e-09 7.04343708e-09 1.09142128e-08 5.80945852e-09 1.33028662e-08
1.456963 9.01174765e-09 7.15971797e-09 1.10877720e-08 5.90747814e-09 1.35121115e-08
1.459599 9.15432751e-09 7.27512879e-09 1.12598575e-08 6.00486771e-09 1.37195013e-08
1.462235 9.34546529e-09 7.42813220e-09 1.14915841e-08 6.13428008e-09 1.39994412e-08
1.464871 9.54400295e-09 7.58843203e-09 1.17322903e-08 6.26870922e-09 1.42902266e-08
1.467507 9.74100856e-09 7.74760552e-09 1.19699741e-08 6.40172334e-09 1.45784812e-08
1.470143 9.94001537e-09 7.90846182e-09 1.22088095e-08 6.53573748e-09 1.48693691e-08
1.472779 1.01984368e-08 8.11669213e-09 1.25203891e-08 6.70901039e-09 1.52474348e-08
1.475415 1.04548923e-08 8.32343220e-09 1.28292937e-08 6.88113903e-09 1.56221715e-08
1.478052 1.07094045e-08 8.52853586e-09 1.31355561e-08 7.05213528e-09 1.59936202e-08
1.480688 1.13055774e-08 9.00578068e-09 1.38604377e-08 7.44807832e-09 1.68748439e-08
1.483324 1.28671101e-08 1.02521399e-08 1.57676678e-08 8.47985919e-09 1.91957851e-08
1.485960 1.44169753e-08 1.14898912e-08 1.76589013e-08 9.50516571e-09 2.14968307e-08
1.488596 1.59553015e-08 1.27191244e-08 1.95343278e-08 1.05248768e-08 2.37782160e-08
1.491232 1.74105204e-08 1.38827028e-08 2.13063976e-08 1.14907859e-08 2.59334684e-08
1.493868 1.87735825e-08 1.49733404e-08 2.29641900e-08 1.23968086e-08 2.79493422e-08
1.496504 2.01266028e-08 1.60565501e-08 2.46087881e-08 1.32971822e-08 2.99481533e-08
1.499140 2.14696929e-08 1.71324100e-08 2.62447851e-08 1.41919648e-08 3.19301037e-08
1.501777 2.24847651e-08 1.79470802e-08 2.74789838e-08 1.48708528e-08 3.34223121e-08
1.504413 2.33390379e-08 1.86338181e-08 2.85160685e-08 1.54440928e-08 3.46740465e-08
1.507049 2.41871136e-08 1.93159539e-08 2.95450964e-08 1.60138267e-08 3.59153060e-08
1.509685 2.50290621e-08 1.99935373e-08 3.05661632e-08 1.65800915e-08 3.71462159e-08
1.512321 2.56165696e-08 2.04681627e-08 3.12760891e-08 1.69783104e-08 3.79984473e-08
1.514957 2.61662593e-08 2.09127904e-08 3.19395407e-08 1.73518488e-08 3.87937713e-08
1.517593 2.67120299e-08 2.13544939e-08 3.25979244e-08 1.77231547e-08 3.95825129e-08
1.520229 2.72321098e-08 2.17758608e-08 3.32246826e-08 1.80777706e-08 4.03324391e-08
1.522865 2.75202523e-08 2.20124444e-08 3.35682578e-08 1.82786877e-08 4.07382969e-08
1.525501 2.78063761e-08 2.22509444e-08 3.39092490e-08 1.84784405e-08 4.11408047e-08
1.528138 2.80905059e-08 2.24861402e-08 3.42476890e-08 1.86770425e-08 4.15400050e-08
1.530774 2.83234329e-08 2.26779269e-08 3.45235925e-08 1.88417606e-08 4.18631654e-08
1.533410 2.84366480e-08 2.27739506e-08 3.46535100e-08 1.89269482e-08 4.20091885e-08
1.536046 2.85491039e-08 2.28694098e-08 3.47824852e-08 1.90116818e-08 4.21539964e-08
1.538682 2.86608113e-08 2.29634574e-08 3.49105316e-08 1.90959678e-08 4.22976065e-08
1.541318 2.87255664e-08 2.30197819e-08 3.49813681e-08 1.91490170e-08 4.23718541e-08
1.543954 2.87438570e-08 2.30388991e-08 3.49956285e-08 1.91711054e-08 4.23775634e-08
1.546590 2.87620615e-08 2.30579402e-08 3.50098203e-08 1.91931219e-08 4.23831921e-08
1.549226 2.87801832e-08 2.30775287e-08 3.50239469e-08 1.92124096e-08 4.23887447e-08
1.551862 2.87650141e-08 2.30710473e-08 3.49975786e-08 1.92076116e-08 4.23453131e-08
1.554499 2.87362456e-08 2.30532555e-08 3.49578782e-08 1.91937529e-08 4.22819559e-08
1.557135 2.87077200e-08 2.30338561e-08 3.49191178e-08 1.91800238e-08 4.22190681e-08
1.559771 2.86794369e-08 2.30169627e-08 3.48806780e-08 1.91675107e-08 4.21566477e-08
1.562407 2.86296629e-08 2.29787977e-08 3.48160914e-08 1.91471389e-08 4.20627322e-08
1.565043 2.85782133e-08 2.29404060e-08 3.47494952e-08 1.91255701e-08 4.19664930e-08
1.567679 2.85271630e-08 2.29029005e-08 3.46811990e-08 1.91041932e-08 4.18709803e-08
1.570315 2.84747696e-08 2.28642961e-08 3.46086942e-08 1.90818399e-08 4.17736318e-08
1.572951 2.84100099e-08 2.28158136e-08 3.45212763e-08 1.90511062e-08 4.16582599e-08
1.575587 2.83457390e-08 2.27676890e-08 3.44345221e-08 1.90206146e-08 4.15437604e-08
1.578223 2.82819538e-08 2.27199203e-08 3.43442714e-08 1.89878633e-08 4.14301265e-08
1.580860 2.82160944e-08 2.26704844e-08 3.42503462e-08 1.89531096e-08 4.13135959e-08
1.583496 2.81454646e-08 2.26172497e-08 3.41534771e-08 1.89151053e-08 4.11902137e-08
1.586132 2.80753622e-08 2.25644040e-08 3.40610880e-08 1.88773859e-08 4.10677623e-08
1.588768 2.80057836e-08 2.25119450e-08 3.39694080e-08 1.88399500e-08 4.09476857e-08
1.591404 2.79384331e-08 2.24612994e-08 3.38804784e-08 1.88039638e-08 4.08359606e-08
1.594040 2.78730827e-08 2.24153472e-08 3.37940236e-08 1.87692741e-08 4.07272287e-08
1.596676 2.78082256e-08 2.23705947e-08 3.37072726e-08 1.87348524e-08 4.06193095e-08
1.599312 2.77438587e-08 2.23261687e-08 3.36179727e-08 1.87006973e-08 4.05121969e-08
1.601948 2.76961132e-08 2.22947552e-08 3.35488903e-08 1.86777123e-08 4.04294018e-08
1.604585 2.76544271e-08 2.22656514e-08 3.34872154e-08 1.86587725e-08 4.03555101e-08
1.607221 2.76130860e-08 2.22368030e-08 3.34260234e-08 1.86400184e-08 4.02821892e-08
1.609857 2.75720882e-08 2.22082090e-08 3.33653112e-08 1.86214495e-08 4.02094354e-08
1.612493 2.76576607e-08 2.22775353e-08 3.34577756e-08 1.86883636e-08 4.03212625e-08
1.615129 2.77500253e-08 2.23511039e-08 3.35605953e-08 1.87599069e-08 4.04429354e-08
1.617765 2.78419121e-08 2.24242852e-08 3.36651504e-08 1.88311686e-08 4.05638533e-08
1.620401 2.79461717e-08 2.25141220e-08 3.37846389e-08 1.89108462e-08 4.07027297e-08
1.623037 2.81212272e-08 2.26550187e-08 3.39896543e-08 1.90385148e-08 4.09445979e-08
1.625673 2.82953151e-08 2.27946252e-08 3.41934407e-08 1.91656235e-08 4.11849221e-08
1.628309 2.84684479e-08 2.29376524e-08 3.43960138e-08 1.92921796e-08 4.14237215e-08
1.630946 2.86645741e-08 2.30992332e-08 3.46263051e-08 1.94344185e-08 4.16958348e-08
1.633582 2.89022927e-08 2.32943639e-08 3.49030646e-08 1.96049778e-08 4.20224074e-08
1.636218 2.91386954e-08 2.34884754e-08 3.51824011e-08 1.97747794e-08 4.23450108e-08
1.638854 2.93737982e-08 2.36815799e-08 3.54600977e-08 1.99438330e-08 4.26654331e-08
1.641490 2.96338972e-08 2.38948511e-08 3.57679046e-08 2.01299904e-08 4.30218470e-08
1.644126 2.99127287e-08 2.41237315e-08 3.60982455e-08 2.03290206e-08 4.34051111e-08
1.646762 3.01900356e-08 2.43528160e-08 3.64266599e-08 2.05271753e-08 4.37858111e-08
1.649398 3.04658362e-08 2.45807718e-08 3.67531714e-08 2.07244652e-08 4.41639776e-08
1.652034 3.07567183e-08 2.48209796e-08 3.70973044e-08 2.09321559e-08 4.45636322e-08
1.654670 3.10509204e-08 2.50639569e-08 3.74452022e-08 2.11422688e-08 4.49677218e-08
1.657307 3.13435465e-08 2.53057539e-08 3.77910888e-08 2.13514779e-08 4.53691573e-08
1.659943 3.16346155e-08 2.55463848e-08 3.81349883e-08 2.15597946e-08 4.57752121e-08
1.662579 3.19202902e-08 2.57827420e-08 3.84723243e-08 2.17645673e-08 4.61735985e-08
1.665215 3.22043813e-08 2.60180578e-08 3.88076467e-08 2.19684228e-08 4.65694697e-08
1.667851 3.24869927e-08 2.62519660e-08 3.91410811e-08 2.21714311e-08 4.69629771e-08
1.670487 3.27611741e-08 2.64792964e-08 3.94640244e-08 2.23688401e-08 4.73440915e-08
1.673123 3.30032947e-08 2.66807872e-08 3.97466593e-08 2.25444822e-08 4.76787287e-08
1.675759 3.32441992e-08 2.68813670e-08 4.00277203e-08 2.27194289e-08 4.80114254e-08
1.678395 3.34839026e-08 2.70810475e-08 4.03072269e-08 2.28936893e-08 4.83422056e-08
1.681032 3.38042891e-08 2.73460533e-08 4.06835988e-08 2.31232037e-08 4.87894248e-08
1.683668 3.42500497e-08 2.77125795e-08 4.12104733e-08 2.34385933e-08 4.94175483e-08
1.686304 3.46935042e-08 2.80773823e-08 4.17343557e-08 2.37526662e-08 5.00419756e-08
1.688940 3.51346796e-08 2.84404821e-08 4.22552808e-08 2.40654385e-08 5.06627495e-08
1.691576 3.56674441e-08 2.88778887e-08 4.28862192e-08 2.44412860e-08 5.14150527e-08
1.694212 3.62604317e-08 2.93642445e-08 4.35893589e-08 2.48587721e-08 5.22536045e-08
1.696848 3.68503749e-08 2.98483269e-08 4.42885457e-08 2.52745221e-08 5.30872711e-08
1.699484 3.74373084e-08 3.03301619e-08 4.49838248e-08 2.56858529e-08 5.39161084e-08
1.702120 3.78894325e-08 3.07029530e-08 4.55169285e-08 2.60039150e-08 5.45502857e-08
1.704756 3.83073377e-08 3.10481541e-08 4.60087315e-08 2.62986812e-08 5.51348257e-08
1.707393 3.87232026e-08 3.13918317e-08 4.64978856e-08 2.65922063e-08 5.57160945e-08
1.710029 3.91363401e-08 3.17334276e-08 4.69835681e-08 2.68840166e-08 5.62931079e-08
1.712665 3.94829421e-08 3.20211898e-08 4.73891872e-08 2.71302525e-08 5.67741294e-08
1.715301 3.98279178e-08 3.23077384e-08 4.77901686e-08 2.73754994e-08 5.72525442e-08
1.717937 4.01712871e-08 3.25930885e-08 4.81873727e-08 2.76197698e-08 5.77283836e-08
1.720573 4.04978958e-08 3.28649410e-08 4.85656404e-08 2.78526382e-08 5.81798815e-08
1.723209 4.07685313e-08 3.30930131e-08 4.88844930e-08 2.80471126e-08 5.85507487e-08
1.725845 4.10379771e-08 3.33232677e-08 4.92014920e-08 2.82408644e-08 5.89197089e-08
1.728481 4.13062485e-08 3.35469594e-08 4.95123015e-08 2.84339030e-08 5.92867860e-08
1.731117 4.15455135e-08 3.37471617e-08 4.97882319e-08 2.86070642e-08 5.96120458e-08
1.733754 4.17460281e-08 3.39160016e-08 5.00176318e-08 2.87562193e-08 5.98815501e-08
1.736390 4.19457443e-08 3.40883666e-08 5.02459922e-08 2.89083272e-08 6.01497737e-08
1.739026 4.21446733e-08 3.42601973e-08 5.04733273e-08 2.90600199e-08 6.04167340e-08
1.741662 4.23058365e-08 3.44014300e-08 5.06553663e-08 2.91857876e-08 6.06294304e-08
1.744298 4.24447896e-08 3.45246878e-08 5.08194079e-08 2.92963274e-08 6.08102021e-08
1.746934 4.25832786e-08 3.46476447e-08 5.09883935e-08 2.94066322e-08 6.09902275e-08
1.749570 4.27213111e-08 3.47703070e-08 5.11568573e-08 2.95167070e-08 6.11695185e-08
1.752206 4.28165587e-08 3.48582254e-08 5.12635245e-08 2.95972952e-08 6.12874738e-08
1.754842 4.29033454e-08 3.49393117e-08 5.13550778e-08 2.96720881e-08 6.13932759e-08
1.757479 4.29899437e-08 3.50202969e-08 5.14463719e-08 2.97468007e-08 6.14987722e-08
1.760115 4.30745263e-08 3.50996926e-08 5.15352205e-08 2.98201681e-08 6.16013492e-08
1.762751 4.31187306e-08 3.51462422e-08 5.15757377e-08 2.98656212e-08 6.16461468e-08
1.765387 4.31629629e-08 3.51928467e-08 5.16162786e-08 2.99111148e-08 6.16909847e-08
1.768023 4.32072258e-08 3.52367062e-08 5.16568461e-08 2.99566510e-08 6.17358664e-08
1.770659 4.32431834e-08 3.52689846e-08 5.16874762e-08 2.99964486e-08 6.17688804e-08
1.773295 4.32542602e-08 3.52809697e-08 5.16883678e-08 3.00189979e-08 6.17626178e-08
1.775931 4.32655320e-08 3.52931020e-08 5.16895008e-08 3.00416816e-08 6.17489976e-08
1.778567 4.32769997e-08 3.53053822e-08 5.16852407e-08 3.00645007e-08 6.17356822e-08
1.781203 4.32782197e-08 3.53092947e-08 5.16773751e-08 3.00801987e-08 6.17077896e-08
1.783840 4.32672810e-08 3.53032792e-08 5.16546643e-08 3.00874363e-08 6.16626186e-08
1.786476 4.32566461e-08 3.52974968e-08 5.16296900e-08 3.00948700e-08 6.16179346e-08
1.789112 4.32463148e-08 3.52919473e-08 5.16050978e-08 3.01025000e-08 6.15737360e-08
1.791748 4.32301294e-08 3.52816106e-08 5.15735407e-08 3.01025215e-08 6.15212691e-08
1.794384 4.32111531e-08 3.52689832e-08 5.15386773e-08 3.00965985e-08 6.14648974e-08
1.797020 4.31925216e-08 3.52586646e-08 5.15088550e-08 3.00908877e-08 6.14090790e-08
1.799656 4.31742342e-08 3.52507111e-08 5.14800305e-08 3.00853887e-08 6.13538116e-08
1.802292 4.31607580e-08 3.52466712e-08 5.14569393e-08 3.00832208e-08 6.13054477e-08
1.804928 4.31482734e-08 3.52434270e-08 5.14248010e-08 3.00817189e-08 6.12585469e-08
1.807564 4.31361084e-08 3.52404299e-08 5.13916127e-08 3.00804142e-08 6.12121519e-08
1.810201 4.31257720e-08 3.52389135e-08 5.13639080e-08 3.00803598e-08 6.11684026e-08
1.812837 4.31340382e-08 3.52494818e-08 5.13645990e-08 3.00932606e-08 6.11510772e-08
1.815473 4.31425362e-08 3.52576341e-08 5.13798343e-08 3.01063047e-08 6.11341036e-08
1.818109 4.31512666e-08 3.52661139e-08 5.13782842e-08 3.01194926e-08 6.11174819e-08
1.820745 4.31688571e-08 3.52875304e-08 5.13866491e-08 3.01388473e-08 6.11134245e-08
1.823381 4.32084961e-08 3.53269719e-08 5.14212728e-08 3.01735824e-08 6.11405737e-08
1.826017 4.32482389e-08 3.53665043e-08 5.14560265e-08 3.02083818e-08 6.11678499e-08
1.828653 4.32880876e-08 3.54061293e-08 5.14909128e-08 3.02432471e-08 6.11952556e-08
1.831289 4.33465611e-08 3.54609963e-08 5.15479544e-08 3.02911169e-08 6.12489536e-08
1.833926 4.34243654e-08 3.55307679e-08 5.16279747e-08 3.03524938e-08 6.13299036e-08
1.836562 4.35021232e-08 3.56023679e-08 5.17079248e-08 3.04138422e-08 6.14107166e-08
1.839198 4.35798385e-08 3.56730277e-08 5.17878093e-08 3.04751647e-08 6.14913979e-08
1.841834 4.36852879e-08 3.57664109e-08 5.19006290e-08 3.05558846e-08 6.16111139e-08
1.844470 4.38027129e-08 3.58696275e-08 5.20276427e-08 3.06449930e-08 6.17475995e-08
1.847106 4.39199430e-08 3.59731945e-08 5.21543879e-08 3.07339813e-08 6.18836861e-08
1.849742 4.40369836e-08 3.60792342e-08 5.22808718e-08 3.08228530e-08 6.20193820e-08
1.852378 4.41872335e-08 3.62125407e-08 5.24467363e-08 3.09349822e-08 6.22016897e-08
1.855014 4.43407833e-08 3.63486187e-08 5.26172079e-08 3.10494473e-08 6.23884716e-08
1.857650 4.44940118e-08 3.64839200e-08 5.27883282e-08 3.11637144e-08 6.25746298e-08
1.860287 4.46502108e-08 3.66189880e-08 5.29629134e-08 3.12800880e-08 6.27647909e-08
1.862923 4.48329703e-08 3.67758822e-08 5.31689321e-08 3.14150926e-08 6.29920832e-08
1.865559 4.50153101e-08 3.69324800e-08 5.33743815e-08 3.15498384e-08 6.32185762e-08
1.868195 4.51972384e-08 3.70887878e-08 5.35792718e-08 3.16843306e-08 6.34442827e-08
1.870831 4.53853097e-08 3.72501846e-08 5.37913699e-08 3.18231620e-08 6.36783958e-08
1.873467 4.55871535e-08 3.74229363e-08 5.40197100e-08 3.19716832e-08 6.39315987e-08
1.876103 4.57885303e-08 3.75953579e-08 5.42474167e-08 3.21199167e-08 6.41839129e-08
1.878739 4.59894490e-08 3.77674564e-08 5.44745013e-08 3.22678683e-08 6.44353524e-08
1.881375 4.61953624e-08 3.79437100e-08 5.47074191e-08 3.24193610e-08 6.46935494e-08
1.884011 4.64057955e-08 3.81237308e-08 5.49456047e-08 3.25740635e-08 6.49578299e-08
1.886648 4.66157580e-08 3.83034204e-08 5.51831499e-08 3.27284767e-08 6.52212080e-08
1.889284 4.68252592e-08 3.84827861e-08 5.54200664e-08 3.28826065e-08 6.54883647e-08
1.891920 4.70350127e-08 3.86624140e-08 5.56545916e-08 3.30369510e-08 6.57653883e-08
1.894556 4.72445830e-08 3.88419462e-08 5.58835361e-08 3.31912057e-08 6.60420154e-08
1.897192 4.74537160e-08 3.90211735e-08 5.61118087e-08 3.33451924e-08 6.63178905e-08
1.899828 4.76624210e-08 3.92001032e-08 5.63394209e-08 3.34989170e-08 6.65930268e-08
1.902464 4.78640244e-08 3.93732452e-08 5.65617266e-08 3.36476866e-08 6.68581033e-08
1.905100 4.80647768e-08 3.95457389e-08 5.67838800e-08 3.37958936e-08 6.71218560e-08
1.907736 4.82651543e-08 3.97179754e-08 5.70076522e-08 3.39438718e-08 6.73849503e-08
1.910372 4.84633802e-08 3.98884146e-08 5.72288115e-08 3.40903714e-08 6.76449066e-08
1.913009 4.86504256e-08 4.00441116e-08 5.74367008e-08 3.42290397e-08 6.78891271e-08
1.915645 4.88371670e-08 4.02025064e-08 5.76441674e-08 3.43675237e-08 6.81327978e-08
1.918281 4.90236123e-08 4.03637055e-08 5.78522337e-08 3.45058287e-08 6.83759304e-08
1.920917 4.92045796e-08 4.05204457e-08 5.80546691e-08 3.46403072e-08 6.86112987e-08
1.923553 4.93755707e-08 4.06690199e-08 5.82466348e-08 3.47677901e-08 6.88326370e-08
1.926189 4.95463417e-08 4.08174596e-08 5.84364072e-08 3.48951414e-08 6.90535541e-08
1.928825 4.97168998e-08 4.09657706e-08 5.86254614e-08 3.50223659e-08 6.92740605e-08
1.931461 4.98788159e-08 4.11070069e-08 5.88051415e-08 3.51435270e-08 6.94824125e-08
1.934097 5.00337918e-08 4.12425671e-08 5.89765739e-08 3.52598193e-08 6.96809898e-08
1.936734 5.01886284e-08 4.13780538e-08 5.91477793e-08 3.53760307e-08 6.98686016e-08
1.939370 5.03433321e-08 4.15134722e-08 5.93187659e-08 3.54921654e-08 7.00483936e-08
1.942006 5.04883540e-08 4.16409482e-08 5.94782819e-08 3.56014940e-08 7.02145365e-08
1.944642 5.06302900e-08 4.17659170e-08 5.96341045e-08 3.57086611e-08 7.03762208e-08
1.947278 5.07721545e-08 4.18908637e-08 5.97897866e-08 3.58220347e-08 7.05376417e-08
1.949914 5.09139537e-08 4.20157933e-08 5.99556195e-08 3.59381688e-08 7.06988085e-08
1.952550 5.10476617e-08 4.21386749e-08 6.01141059e-08 3.60486722e-08 7.08485811e-08
1.955186 5.11810724e-08 4.22564251e-08 6.02722874e-08 3.61590427e-08 7.09990366e-08
1.957822 5.13144627e-08 4.23741865e-08 6.04239690e-08 3.62694757e-08 7.11665486e-08
1.960458 5.14470373e-08 4.24913022e-08 6.05684262e-08 3.63794086e-08 7.13328659e-08
1.963095 5.15758064e-08 4.26053022e-08 6.07083687e-08 3.64867260e-08 7.14938421e-08
1.965731 5.17045868e-08 4.27193377e-08 6.08482867e-08 3.65941250e-08 7.16547753e-08
1.968367 5.18333843e-08 4.28334134e-08 6.09881871e-08 3.67016093e-08 7.18156734e-08
1.971003 5.19625085e-08 4.29477851e-08 6.11318900e-08 3.68093985e-08 7.19769644e-08
1.973639 5.20921545e-08 4.30626142e-08 6.12807774e-08 3.69176311e-08 7.21389174e-08
1.976275 5.22218318e-08 4.31774949e-08 6.14297138e-08 3.70259592e-08 7.23008559e-08
1.978911 5.23515459e-08 4.32924316e-08 6.15787062e-08 3.71343867e-08 7.24627880e-08
1.981547 5.24843203e-08 4.34099250e-08 6.17313088e-08 3.72450591e-08 7.26288958e-08
1.984183 5.26192540e-08 4.35292310e-08 6.18864626e-08 3.73573396e-08 7.27979309e-08
1.986819 5.27542261e-08 4.36487620e-08 6.20416748e-08 3.74697233e-08 7.29669596e-08
1.989456 5.28892424e-08 4.37685999e-08 6.21969526e-08 3.75822141e-08 7.31359904e-08
1.992092 5.30318527e-08 4.38947570e-08 6.23611720e-08 3.77001794e-08 7.33154587e-08
1.994728 5.31764573e-08 4.40226001e-08 6.25277494e-08 3.78196434e-08 7.34976198e-08
1.997364 5.33210962e-08 4.41505066e-08 6.26943809e-08 3.79392127e-08 7.36797642e-08
2.000000 5.34657754e-08 4.42784815e-08 6.28610741e-08 3.80499077e-08 7.38619009e-08
