# W  sigma_tot[ub/GeV^3]  sigma_T  eps*sigma_L  sigma_L(no-epsilon)  R_LT=sigma_L/sigma_T  dR_LT(=0.3*R_LT)
1.080000 8.41501609e-08 8.29896288e-08 1.16053216e-09 1.35047888e-09 1.62728633e-02 4.88185899e-03
1.084069 1.58198879e-07 1.56002270e-07 2.19660947e-09 2.55698182e-09 1.63906706e-02 4.91720117e-03
1.088138 2.07690483e-07 2.04797428e-07 2.89305532e-09 3.36880999e-09 1.64494741e-02 4.93484223e-03
1.092206 2.57411998e-07 2.53807558e-07 3.60443951e-09 4.19858874e-09 1.65424102e-02 4.96272307e-03
1.096275 3.14888486e-07 3.10443280e-07 4.44520678e-09 5.17969530e-09 1.66848363e-02 5.00545089e-03
1.100344 3.74345115e-07 3.69018035e-07 5.32708052e-09 6.20939073e-09 1.68267948e-02 5.04803843e-03
1.104413 4.37421600e-07 4.31145691e-07 6.27590840e-09 7.31786924e-09 1.69730775e-02 5.09192326e-03
1.108481 5.04416369e-07 4.97124044e-07 7.29232438e-09 8.50595714e-09 1.71103314e-02 5.13309942e-03
1.112550 5.76049697e-07 5.67664350e-07 8.38534743e-09 9.78426668e-09 1.72360069e-02 5.17080208e-03
1.116619 6.53149442e-07 6.43583103e-07 9.56633916e-09 1.11661601e-08 1.73499896e-02 5.20499687e-03
1.120688 7.36564875e-07 7.25717061e-07 1.08478140e-08 1.26663655e-08 1.74535865e-02 5.23607594e-03
1.124756 8.27073508e-07 8.14831585e-07 1.22419238e-08 1.42992094e-08 1.75486685e-02 5.26460056e-03
1.128825 9.25977752e-07 9.12211218e-07 1.37665339e-08 1.60857158e-08 1.76337623e-02 5.29012868e-03
1.132894 1.03425710e-06 1.01882023e-06 1.54368745e-08 1.80438598e-08 1.77105434e-02 5.31316301e-03
1.136963 1.15339691e-06 1.13612254e-06 1.72743725e-08 2.01988904e-08 1.77787955e-02 5.33363866e-03
1.141032 1.28495279e-06 1.26565094e-06 1.93018493e-08 2.25777253e-08 1.78388248e-02 5.35164743e-03
1.145100 1.43041725e-06 1.40887505e-06 2.15422042e-08 2.52074150e-08 1.78918741e-02 5.36756223e-03
1.149169 1.59182247e-06 1.56779487e-06 2.40275970e-08 2.81258916e-08 1.79397778e-02 5.38193333e-03
1.153238 1.77101840e-06 1.74422587e-06 2.67925350e-08 3.13738949e-08 1.79872891e-02 5.39618673e-03
1.157307 1.97000258e-06 1.94014187e-06 2.98607017e-08 3.49795483e-08 1.80293765e-02 5.40881295e-03
1.161375 2.19079097e-06 2.15754194e-06 3.32490323e-08 3.89631131e-08 1.80590293e-02 5.41770879e-03
1.165444 2.43548468e-06 2.39846924e-06 3.70154469e-08 4.33929306e-08 1.80919271e-02 5.42757814e-03
1.169513 2.70538175e-06 2.66417918e-06 4.12025750e-08 4.83195175e-08 1.81367372e-02 5.44102115e-03
1.173582 3.00145343e-06 2.95566202e-06 4.57914062e-08 5.37211573e-08 1.81756767e-02 5.45270300e-03
1.177650 3.32334095e-06 3.27252959e-06 5.08113679e-08 5.96329541e-08 1.82222811e-02 5.46668434e-03
1.181719 3.66931257e-06 3.61305901e-06 5.62535592e-08 6.60450711e-08 1.82795440e-02 5.48386319e-03
1.185788 4.03464636e-06 3.97259017e-06 6.20561909e-08 7.28855451e-08 1.83471090e-02 5.50413271e-03
1.189857 4.41171839e-06 4.34358051e-06 6.81378772e-08 8.00592830e-08 1.84316333e-02 5.52948998e-03
1.193926 4.79700711e-06 4.72253790e-06 7.44692088e-08 8.75321441e-08 1.85349797e-02 5.56049391e-03
1.197994 5.17702189e-06 5.09618707e-06 8.08348182e-08 9.50512760e-08 1.86514495e-02 5.59543486e-03
1.202063 5.53802824e-06 5.45095924e-06 8.70690006e-08 1.02421855e-07 1.87896938e-02 5.63690813e-03
1.206132 5.86667593e-06 5.77368346e-06 9.29924735e-08 1.09432773e-07 1.89537189e-02 5.68611567e-03
1.210201 6.15028007e-06 6.05188290e-06 9.83971713e-08 1.15838704e-07 1.91409361e-02 5.74228082e-03
1.214269 6.37905948e-06 6.27587106e-06 1.03188420e-07 1.21527469e-07 1.93642393e-02 5.80927178e-03
1.218338 6.54747643e-06 6.44032924e-06 1.07147199e-07 1.26240201e-07 1.96015136e-02 5.88045408e-03
1.222407 6.65514076e-06 6.54533823e-06 1.09802532e-07 1.29420637e-07 1.97729486e-02 5.93188459e-03
1.226476 6.70309060e-06 6.58949256e-06 1.13598038e-07 1.33948325e-07 2.03275629e-02 6.09826887e-03
1.230544 6.70273570e-06 6.58807683e-06 1.14658865e-07 1.35254068e-07 2.05301292e-02 6.15903875e-03
1.234613 6.66107021e-06 6.54567854e-06 1.15391668e-07 1.36174052e-07 2.08036572e-02 6.24109715e-03
1.238682 6.58727736e-06 6.47028472e-06 1.16992641e-07 1.38120021e-07 2.13468228e-02 6.40404684e-03
1.242751 6.49412781e-06 6.37653060e-06 1.17597209e-07 1.38891051e-07 2.17816019e-02 6.53448058e-03
1.246819 6.38901481e-06 6.27095428e-06 1.18060532e-07 1.39496119e-07 2.22447993e-02 6.67343978e-03
1.250888 6.27917700e-06 6.16069499e-06 1.18482008e-07 1.40052518e-07 2.27332335e-02 6.81997006e-03
1.254957 6.17276053e-06 6.05376918e-06 1.18991349e-07 1.40713583e-07 2.32439624e-02 6.97318872e-03
1.259026 6.07187820e-06 5.95226242e-06 1.19615784e-07 1.41511662e-07 2.37744327e-02 7.13232982e-03
1.263095 5.98176733e-06 5.86133722e-06 1.20430110e-07 1.42535465e-07 2.43179090e-02 7.29537271e-03
1.267163 5.90437647e-06 5.78289934e-06 1.21477138e-07 1.43835975e-07 2.48726402e-02 7.46179207e-03
1.271232 5.84094640e-06 5.71815013e-06 1.22796271e-07 1.45460231e-07 2.54383371e-02 7.63150114e-03
1.275301 5.79343866e-06 5.66900542e-06 1.24433235e-07 1.47462850e-07 2.60121202e-02 7.80363605e-03
1.279370 5.76166603e-06 5.63528662e-06 1.26379407e-07 1.49834112e-07 2.65885522e-02 7.97656565e-03
1.283438 5.74645730e-06 5.61781015e-06 1.28647148e-07 1.52589176e-07 2.71616826e-02 8.14850477e-03
1.287507 5.74771870e-06 5.61647643e-06 1.31242279e-07 1.55735469e-07 2.77283224e-02 8.31849672e-03
1.291576 5.76528199e-06 5.63111007e-06 1.34171915e-07 1.59281976e-07 2.82860704e-02 8.48582111e-03
1.295645 5.79908848e-06 5.66164827e-06 1.37440211e-07 1.63234181e-07 2.88315652e-02 8.64946956e-03
1.299713 5.84887529e-06 5.70784359e-06 1.41031699e-07 1.67574275e-07 2.93585962e-02 8.80757887e-03
1.303782 5.91448642e-06 5.76955086e-06 1.44935565e-07 1.72289951e-07 2.98619347e-02 8.95858041e-03
1.307851 5.99557998e-06 5.84642970e-06 1.49150274e-07 1.77379920e-07 3.03398705e-02 9.10196116e-03
1.311920 6.09183562e-06 5.93815884e-06 1.53676777e-07 1.82845856e-07 3.07916748e-02 9.23750244e-03
1.315989 6.20288637e-06 6.04437987e-06 1.58506499e-07 1.88678100e-07 3.12154603e-02 9.36463809e-03
1.320057 6.32825039e-06 6.16463834e-06 1.63612050e-07 1.94844573e-07 3.16068132e-02 9.48204397e-03
1.324126 6.46758837e-06 6.29861037e-06 1.68977993e-07 2.01327387e-07 3.19637785e-02 9.58913354e-03
1.328195 6.61994590e-06 6.44538632e-06 1.74559571e-07 2.08073673e-07 3.22825759e-02 9.68477276e-03
1.332264 6.78455322e-06 6.60423225e-06 1.80320966e-07 2.15041130e-07 3.25611095e-02 9.76833286e-03
1.336332 6.96031230e-06 6.77410226e-06 1.86210039e-07 2.22167909e-07 3.27966572e-02 9.83899715e-03
1.340401 7.14561845e-06 6.95347064e-06 1.92147817e-07 2.29360019e-07 3.29849698e-02 9.89549094e-03
1.344470 7.33917268e-06 7.14110467e-06 1.98068003e-07 2.36538427e-07 3.31235065e-02 9.93705196e-03
1.348539 7.53887389e-06 7.33498278e-06 2.03891115e-07 2.43608203e-07 3.32118302e-02 9.96354907e-03
1.352607 7.74285766e-06 7.53331347e-06 2.09544189e-07 2.50482023e-07 3.32499138e-02 9.97497413e-03
1.356676 7.94891295e-06 7.73397528e-06 2.14937670e-07 2.57052556e-07 3.32367956e-02 9.97103869e-03
1.360745 8.15442126e-06 7.93446037e-06 2.19960889e-07 2.63186994e-07 3.31701190e-02 9.95103569e-03
1.364814 8.35684663e-06 8.13234027e-06 2.24506360e-07 2.68756081e-07 3.30478155e-02 9.91434466e-03
1.368883 8.55395565e-06 8.32543555e-06 2.28520096e-07 2.73694376e-07 3.28744814e-02 9.86234441e-03
1.372951 8.74312652e-06 8.51120151e-06 2.31925001e-07 2.77908610e-07 3.26521009e-02 9.79563026e-03
1.377020 8.92276420e-06 8.68809325e-06 2.34670949e-07 2.81337657e-07 3.23819794e-02 9.71459383e-03
1.381089 9.09157880e-06 8.85486631e-06 2.36712486e-07 2.83925862e-07 3.20643872e-02 9.61931616e-03
1.385158 9.24790325e-06 9.00990683e-06 2.37996416e-07 2.85608155e-07 3.16993461e-02 9.50980384e-03
1.389226 9.39320317e-06 9.15461072e-06 2.38592451e-07 2.86466899e-07 3.12920896e-02 9.38762687e-03
1.393295 9.52747802e-06 9.28895979e-06 2.38518232e-07 2.86522051e-07 3.08454399e-02 9.25363198e-03
1.397364 9.65289547e-06 9.41504503e-06 2.37850443e-07 2.85864567e-07 3.03625278e-02 9.10875835e-03
1.401433 9.77224616e-06 9.53555962e-06 2.36686542e-07 2.84610552e-07 2.98472836e-02 8.95418507e-03
1.405501 9.88801613e-06 9.65290611e-06 2.35110022e-07 2.82859535e-07 2.93030443e-02 8.79091329e-03
1.409570 1.00044455e-05 9.77123378e-06 2.33211770e-07 2.80720147e-07 2.87292428e-02 8.61877283e-03
1.413639 1.01251754e-05 9.89409437e-06 2.31081021e-07 2.78299243e-07 2.81278137e-02 8.43834411e-03
1.417708 1.02542129e-05 1.00254090e-05 2.28803946e-07 2.75700201e-07 2.75001451e-02 8.25004353e-03
1.421777 1.03956767e-05 1.01692052e-05 2.26471510e-07 2.73032396e-07 2.68489415e-02 8.05468245e-03
1.425845 1.05537300e-05 1.03295665e-05 2.24163434e-07 2.70391863e-07 2.61764966e-02 7.85294898e-03
1.429914 1.07326424e-05 1.05107233e-05 2.21919114e-07 2.67826172e-07 2.54812314e-02 7.64436941e-03
1.433983 1.09366903e-05 1.07168950e-05 2.19795307e-07 2.65403961e-07 2.47650053e-02 7.42950158e-03
1.438052 1.11707550e-05 1.09529259e-05 2.17829069e-07 2.63170211e-07 2.40273889e-02 7.20821667e-03
1.442120 1.14395486e-05 1.12234927e-05 2.16055921e-07 2.61168146e-07 2.32697747e-02 6.98093241e-03
1.446189 1.17486676e-05 1.15341515e-05 2.14516180e-07 2.59446892e-07 2.24937996e-02 6.74813989e-03
1.450258 1.21051433e-05 1.18918916e-05 2.13251741e-07 2.58057587e-07 2.17002976e-02 6.51008928e-03
1.454327 1.25153041e-05 1.23030026e-05 2.12301547e-07 2.57047916e-07 2.08931043e-02 6.26793128e-03
1.458395 1.29892551e-05 1.27775271e-05 2.11727992e-07 2.56494081e-07 2.00738436e-02 6.02215309e-03
1.462464 1.35353455e-05 1.33237584e-05 2.11587069e-07 2.56464699e-07 1.92486752e-02 5.77460257e-03
1.466533 1.41688468e-05 1.39569013e-05 2.11945492e-07 2.57041551e-07 1.84168066e-02 5.52504197e-03
1.470602 1.49046683e-05 1.46918058e-05 2.12862456e-07 2.58297482e-07 1.75810575e-02 5.27431724e-03
1.474670 1.57566131e-05 1.55422181e-05 2.14395021e-07 2.60302919e-07 1.67481190e-02 5.02443571e-03
1.478739 1.68590592e-05 1.66422083e-05 2.16850935e-07 2.63432996e-07 1.58292091e-02 4.74876274e-03
1.482808 1.83720074e-05 1.81514540e-05 2.20553360e-07 2.68082446e-07 1.47691995e-02 4.43075984e-03
1.486877 2.01484909e-05 1.99231309e-05 2.25360091e-07 2.74080940e-07 1.37569211e-02 4.12707634e-03
1.490946 2.16550466e-05 2.14243583e-05 2.30688248e-07 2.80721539e-07 1.31029147e-02 3.93087440e-03
1.495014 2.25561060e-05 2.23199155e-05 2.36190492e-07 2.87582485e-07 1.28845687e-02 3.86537061e-03
1.499083 2.32051467e-05 2.29634526e-05 2.41694164e-07 2.94453868e-07 1.28227176e-02 3.84681529e-03
1.503152 2.37709243e-05 2.35239359e-05 2.46988394e-07 3.01078716e-07 1.27988240e-02 3.83964721e-03
1.507221 2.42696929e-05 2.40179197e-05 2.51773210e-07 3.07090774e-07 1.27859023e-02 3.83577069e-03
1.511289 2.46241698e-05 2.43685321e-05 2.55637772e-07 3.11987622e-07 1.28028895e-02 3.84086684e-03
1.515358 2.48142732e-05 2.45560031e-05 2.58270137e-07 3.15386406e-07 1.28435562e-02 3.85306687e-03
1.519427 2.48631846e-05 2.46034740e-05 2.59710652e-07 3.17333802e-07 1.28979266e-02 3.86937798e-03
1.523496 2.47774569e-05 2.45176014e-05 2.59855508e-07 3.17700323e-07 1.29580508e-02 3.88741523e-03
1.527564 2.45805699e-05 2.43216843e-05 2.58885673e-07 3.16704530e-07 1.30214884e-02 3.90644652e-03
1.531633 2.43041139e-05 2.40470304e-05 2.57083500e-07 3.14689584e-07 1.30864218e-02 3.92592655e-03
1.535702 2.39736020e-05 2.37189428e-05 2.54659160e-07 3.11911046e-07 1.31502929e-02 3.94508788e-03
1.539771 2.36102846e-05 2.33584031e-05 2.51881582e-07 3.08697099e-07 1.32156765e-02 3.96470295e-03
1.543840 2.32378047e-05 2.29888121e-05 2.48992669e-07 3.05343567e-07 1.32822682e-02 3.98468046e-03
1.547908 2.28691248e-05 2.26230031e-05 2.46121701e-07 3.02008806e-07 1.33496338e-02 4.00489013e-03
1.551977 2.25164136e-05 2.22730392e-05 2.43374383e-07 2.98822614e-07 1.34163376e-02 4.02490129e-03
1.556046 2.21907668e-05 2.19498939e-05 2.40872874e-07 2.95935325e-07 1.34823123e-02 4.04469369e-03
1.560115 2.18951790e-05 2.16564332e-05 2.38745799e-07 2.93505604e-07 1.35528137e-02 4.06584410e-03
1.564183 2.16360176e-05 2.13989066e-05 2.37111053e-07 2.91679319e-07 1.36305711e-02 4.08917134e-03
1.568252 2.14166978e-05 2.11807320e-05 2.35965753e-07 2.90454049e-07 1.37131261e-02 4.11393783e-03
1.572321 2.12406065e-05 2.10053096e-05 2.35296923e-07 2.89814945e-07 1.37972232e-02 4.13916696e-03
1.576390 2.11111957e-05 2.08760763e-05 2.35119308e-07 2.89781297e-07 1.38810230e-02 4.16430691e-03
1.580458 2.10310227e-05 2.07955597e-05 2.35462995e-07 2.90391373e-07 1.39641047e-02 4.18923142e-03
1.584527 2.10031634e-05 2.07668147e-05 2.36348764e-07 2.91672070e-07 1.40451039e-02 4.21353118e-03
1.588596 2.10314743e-05 2.07937003e-05 2.37774004e-07 2.93621478e-07 1.41206939e-02 4.23620818e-03
1.592665 2.11199462e-05 2.08802165e-05 2.39729738e-07 2.96229830e-07 1.41871053e-02 4.25613159e-03
1.596734 2.12717997e-05 2.10295411e-05 2.42258568e-07 2.99551118e-07 1.42443012e-02 4.27329037e-03
1.600802 2.14898753e-05 2.12445289e-05 2.45346384e-07 3.03569326e-07 1.42892943e-02 4.28678828e-03
1.604871 2.17769785e-05 2.15278990e-05 2.49079439e-07 3.08392663e-07 1.43252559e-02 4.29757678e-03
1.608940 2.21337825e-05 2.18795730e-05 2.54209497e-07 3.14954184e-07 1.43948963e-02 4.31846888e-03
1.613009 2.25612387e-05 2.22998023e-05 2.61436381e-07 3.24125062e-07 1.45348850e-02 4.36046549e-03
1.617077 2.30611791e-05 2.27907144e-05 2.70464657e-07 3.35544111e-07 1.47228430e-02 4.41685291e-03
1.621146 2.36412224e-05 2.33611473e-05 2.80075091e-07 3.47702359e-07 1.48837878e-02 4.46513634e-03
1.625215 2.43016892e-05 2.40119680e-05 2.89721226e-07 3.59922559e-07 1.49892986e-02 4.49678958e-03
1.629284 2.50201593e-05 2.47205111e-05 2.99648217e-07 3.72509720e-07 1.50688519e-02 4.52065557e-03
1.633352 2.57798286e-05 2.54699365e-05 3.09892135e-07 3.85509595e-07 1.51358679e-02 4.54076038e-03
1.637421 2.65658253e-05 2.62454900e-05 3.20335239e-07 3.98776587e-07 1.51940995e-02 4.55822985e-03
1.641490 2.73637285e-05 2.70329521e-05 3.30776440e-07 4.12060879e-07 1.52429108e-02 4.57287325e-03
1.645559 2.81583510e-05 2.78172598e-05 3.41091194e-07 4.25207380e-07 1.52857392e-02 4.58572177e-03
1.649628 2.89330674e-05 2.85818301e-05 3.51237308e-07 4.38163296e-07 1.53301344e-02 4.59904031e-03
1.653696 2.96715479e-05 2.93104032e-05 3.61144712e-07 4.50840883e-07 1.53815995e-02 4.61447984e-03
1.657765 3.03618818e-05 2.99911556e-05 3.70726127e-07 4.63130642e-07 1.54422406e-02 4.63267219e-03
1.661834 3.09916087e-05 3.06117483e-05 3.79860338e-07 4.74880337e-07 1.55130093e-02 4.65390279e-03
1.665903 3.15511784e-05 3.11626835e-05 3.88494908e-07 4.86023329e-07 1.55963246e-02 4.67889739e-03
1.669971 3.20520310e-05 3.16553760e-05 3.96655033e-07 4.96589967e-07 1.56873818e-02 4.70621453e-03
1.674040 3.24911852e-05 3.20868337e-05 4.04351471e-07 5.06592595e-07 1.57881765e-02 4.73645296e-03
1.678109 3.27943860e-05 3.23826072e-05 4.11778812e-07 5.16274057e-07 1.59429429e-02 4.78288287e-03
1.682178 3.28036660e-05 3.23844159e-05 4.19250138e-07 5.26026572e-07 1.62432008e-02 4.87296025e-03
1.686246 3.25732802e-05 3.21464933e-05 4.26786852e-07 5.35877274e-07 1.66698516e-02 5.00095549e-03
1.690315 3.25304710e-05 3.20964783e-05 4.33992631e-07 5.45328487e-07 1.69902904e-02 5.09708712e-03
1.694384 3.28812361e-05 3.24405180e-05 4.40718075e-07 5.54191563e-07 1.70833142e-02 5.12499427e-03
1.698453 3.34561573e-05 3.30090157e-05 4.47141560e-07 5.62689749e-07 1.70465473e-02 5.11396420e-03
1.702521 3.40259879e-05 3.35724882e-05 4.53499714e-07 5.71120323e-07 1.70115578e-02 5.10346734e-03
1.706590 3.45238873e-05 3.40640679e-05 4.59819496e-07 5.79517199e-07 1.70125659e-02 5.10376977e-03
1.710659 3.49807652e-05 3.45147915e-05 4.65973682e-07 5.87719930e-07 1.70280597e-02 5.10841791e-03
1.714728 3.53844722e-05 3.49125622e-05 4.71910009e-07 5.95662196e-07 1.70615434e-02 5.11846303e-03
1.718797 3.57379696e-05 3.52604067e-05 4.77562867e-07 6.03260611e-07 1.71087252e-02 5.13261757e-03
1.722865 3.60435682e-05 3.55607094e-05 4.82858822e-07 6.10421632e-07 1.71656202e-02 5.14968606e-03
1.726934 3.63039819e-05 3.58161770e-05 4.87804944e-07 6.17153271e-07 1.72311319e-02 5.16933958e-03
1.731003 3.65236711e-05 3.60311764e-05 4.92494643e-07 6.23572879e-07 1.73064812e-02 5.19194437e-03
1.735072 3.67067995e-05 3.62098511e-05 4.96948348e-07 6.29705685e-07 1.73904522e-02 5.21713566e-03
1.739140 3.68594009e-05 3.63582965e-05 5.01104331e-07 6.35472807e-07 1.74780688e-02 5.24342063e-03
1.743209 3.69874537e-05 3.64825419e-05 5.04911767e-07 6.40808941e-07 1.75648107e-02 5.26944320e-03
1.747278 3.70952494e-05 3.65868844e-05 5.08365007e-07 6.45705953e-07 1.76485635e-02 5.29456906e-03
1.751347 3.71865129e-05 3.66750278e-05 5.11485090e-07 6.50189597e-07 1.77284009e-02 5.31852028e-03
1.755415 3.72649857e-05 3.67507144e-05 5.14271275e-07 6.54257991e-07 1.78025925e-02 5.34077774e-03
1.759484 3.73335659e-05 3.68168531e-05 5.16712812e-07 6.57896496e-07 1.78694386e-02 5.36083158e-03
1.763553 3.73954043e-05 3.68766033e-05 5.18800987e-07 6.61093011e-07 1.79271666e-02 5.37814997e-03
1.767622 3.74531594e-05 3.69326488e-05 5.20510555e-07 6.63814304e-07 1.79736446e-02 5.39209338e-03
1.771691 3.75096798e-05 3.69878899e-05 5.21789839e-07 6.65993287e-07 1.80057118e-02 5.40171355e-03
1.775759 3.75672111e-05 3.70445792e-05 5.22631874e-07 6.67619755e-07 1.80220634e-02 5.40661901e-03
1.779828 3.76269095e-05 3.71038338e-05 5.23075709e-07 6.68742287e-07 1.80235361e-02 5.40706082e-03
1.783897 3.76903680e-05 3.71672232e-05 5.23144767e-07 6.69389617e-07 1.80102133e-02 5.40306399e-03
1.787966 3.77594756e-05 3.72366069e-05 5.22868668e-07 6.69598501e-07 1.79822641e-02 5.39467924e-03
1.792034 3.78363421e-05 3.73140720e-05 5.22270020e-07 6.69396820e-07 1.79395275e-02 5.38185824e-03
1.796103 3.79227975e-05 3.74014092e-05 5.21388260e-07 6.68834129e-07 1.78825917e-02 5.36477750e-03
1.800172 3.80204621e-05 3.75001799e-05 5.20282140e-07 6.67984944e-07 1.78128464e-02 5.34385391e-03
1.804241 3.81310789e-05 3.76120794e-05 5.18999538e-07 6.66910049e-07 1.77312730e-02 5.31938191e-03
1.808309 3.82563827e-05 3.77387982e-05 5.17584540e-07 6.65665562e-07 1.76387589e-02 5.29162766e-03
1.812378 3.83984388e-05 3.78823627e-05 5.16076112e-07 6.64301193e-07 1.75358966e-02 5.26076897e-03
1.816447 3.85584442e-05 3.80439205e-05 5.14523630e-07 6.62880239e-07 1.74240780e-02 5.22722340e-03
1.820516 3.87369096e-05 3.82239135e-05 5.12996017e-07 6.61491418e-07 1.73056957e-02 5.19170872e-03
1.824585 3.89346650e-05 3.84231258e-05 5.11539181e-07 6.60194055e-07 1.71822058e-02 5.15466174e-03
1.828653 3.91525376e-05 3.86423795e-05 5.10158041e-07 6.58994742e-07 1.70536791e-02 5.11610374e-03
1.832722 3.93917218e-05 3.88828718e-05 5.08849947e-07 6.57890308e-07 1.69197972e-02 5.07593917e-03
1.836791 3.96519275e-05 3.91442903e-05 5.07637249e-07 6.56909925e-07 1.67817559e-02 5.03452678e-03
1.840860 3.99318878e-05 3.94253202e-05 5.06567519e-07 6.56115542e-07 1.66419838e-02 4.99259515e-03
1.844928 4.02308240e-05 3.97251670e-05 5.05657046e-07 6.55528775e-07 1.65015990e-02 4.95047970e-03
1.848997 4.05479724e-05 4.00430905e-05 5.04881900e-07 6.55119142e-07 1.63603542e-02 4.90810625e-03
1.853066 4.08826452e-05 4.03784259e-05 5.04219290e-07 6.54857531e-07 1.62180054e-02 4.86540163e-03
1.857135 4.12334726e-05 4.07298186e-05 5.03653947e-07 6.54724505e-07 1.60748201e-02 4.82244602e-03
1.861203 4.15989065e-05 4.10957362e-05 5.03170363e-07 6.54700248e-07 1.59310992e-02 4.77932975e-03
1.865272 4.19772188e-05 4.14744640e-05 5.02754873e-07 6.54767275e-07 1.57872390e-02 4.73617170e-03
1.869341 4.23660803e-05 4.18636805e-05 5.02399817e-07 6.54915866e-07 1.56440107e-02 4.69320322e-03
1.873410 4.27631528e-05 4.22610548e-05 5.02098036e-07 6.55136919e-07 1.55021431e-02 4.65064293e-03
1.877479 4.31669054e-05 4.26650871e-05 5.01818325e-07 6.55389896e-07 1.53612694e-02 4.60838082e-03
1.881547 4.35761073e-05 4.30745986e-05 5.01508611e-07 6.55606826e-07 1.52202655e-02 4.56607964e-03
1.885616 4.39892460e-05 4.34880964e-05 5.01149581e-07 6.55762349e-07 1.50791229e-02 4.52373686e-03
1.889685 4.44046400e-05 4.39038936e-05 5.00746426e-07 6.55863098e-07 1.49386089e-02 4.48158268e-03
1.893754 4.48206369e-05 4.43203382e-05 5.00298746e-07 6.55908402e-07 1.47992644e-02 4.43977932e-03
1.897822 4.52361184e-05 4.47363153e-05 4.99803014e-07 6.55893482e-07 1.46613211e-02 4.39839632e-03
1.901891 4.56497660e-05 4.51505124e-05 4.99253578e-07 6.55810750e-07 1.45249902e-02 4.35749705e-03
1.905960 4.60608733e-05 4.55622239e-05 4.98649409e-07 6.55658661e-07 1.43904007e-02 4.31712022e-03
1.910029 4.64691664e-05 4.59711748e-05 4.97991606e-07 6.55438467e-07 1.42575966e-02 4.27727899e-03
1.914097 4.68742886e-05 4.63770075e-05 4.97281126e-07 6.55151232e-07 1.41266388e-02 4.23799163e-03
1.918166 4.72763617e-05 4.67798387e-05 4.96522987e-07 6.54803383e-07 1.39975554e-02 4.19926662e-03
1.922235 4.76754024e-05 4.71796828e-05 4.95719616e-07 6.54397948e-07 1.38703338e-02 4.16110013e-03
1.926304 4.80718220e-05 4.75769416e-05 4.94880468e-07 6.53947251e-07 1.37450460e-02 4.12351380e-03
1.930372 4.84662758e-05 4.79722586e-05 4.94017200e-07 6.53466579e-07 1.36217597e-02 4.08652791e-03
1.934441 4.88593510e-05 4.83662092e-05 4.93141790e-07 6.52971706e-07 1.35005765e-02 4.05017294e-03
1.938510 4.92517852e-05 4.87595118e-05 4.92273376e-07 6.52487958e-07 1.33817574e-02 4.01452722e-03
1.942579 4.96443618e-05 4.91529136e-05 4.91448154e-07 6.52063397e-07 1.32660172e-02 3.97980516e-03
1.946648 5.00378024e-05 4.95471479e-05 4.90654560e-07 6.51682855e-07 1.31527824e-02 3.94583472e-03
1.950716 5.04323683e-05 4.99425059e-05 4.89862384e-07 6.51306303e-07 1.30411218e-02 3.91233654e-03
1.954785 5.08278754e-05 5.03388219e-05 4.89053447e-07 6.50909564e-07 1.29305681e-02 3.87917042e-03
1.958854 5.12245618e-05 5.07363520e-05 4.88209791e-07 6.50468654e-07 1.28205641e-02 3.84616924e-03
1.962923 5.16228093e-05 5.11354956e-05 4.87313665e-07 6.49959763e-07 1.27105400e-02 3.81316200e-03
1.966991 5.20228824e-05 5.15365349e-05 4.86347511e-07 6.49359233e-07 1.25999785e-02 3.77999356e-03
1.971060 5.24250510e-05 5.19397570e-05 4.85293946e-07 6.48643542e-07 1.24883823e-02 3.74651469e-03
1.975129 5.28295901e-05 5.23454543e-05 4.84135751e-07 6.47789283e-07 1.23752729e-02 3.71258187e-03
1.979198 5.32367799e-05 5.27539241e-05 4.82855857e-07 6.46773143e-07 1.22601902e-02 3.67805706e-03
1.983266 5.36469063e-05 5.31654689e-05 4.81437330e-07 6.45571886e-07 1.21426915e-02 3.64280744e-03
1.987335 5.40602599e-05 5.35803966e-05 4.79863355e-07 6.44162333e-07 1.20223510e-02 3.60670529e-03
1.991404 5.44771374e-05 5.39990202e-05 4.78117226e-07 6.42521343e-07 1.18987593e-02 3.56962779e-03
1.995473 5.48978403e-05 5.44216580e-05 4.76182329e-07 6.40625789e-07 1.17715228e-02 3.53145685e-03
1.999542 5.53226761e-05 5.48486340e-05 4.74042132e-07 6.38452547e-07 1.16402634e-02 3.49207903e-03
2.003610 5.57519574e-05 5.52802772e-05 4.71680167e-07 6.35978470e-07 1.15046180e-02 3.45138539e-03
2.007679 5.61860027e-05 5.57169226e-05 4.69080019e-07 6.33180370e-07 1.13642380e-02 3.40927140e-03
2.011748 5.66251358e-05 5.61589104e-05 4.66225314e-07 6.30034999e-07 1.12187896e-02 3.36563687e-03
2.015817 5.70696863e-05 5.66065866e-05 4.63099701e-07 6.26519031e-07 1.10679528e-02 3.32038585e-03
2.019885 5.75199896e-05 5.70603027e-05 4.59686845e-07 6.22609040e-07 1.09114220e-02 3.27342659e-03
2.023954 5.79763866e-05 5.75204162e-05 4.55970409e-07 6.18281484e-07 1.07489049e-02 3.22467147e-03
2.028023 5.84392243e-05 5.79872902e-05 4.51934045e-07 6.13512682e-07 1.05801233e-02 3.17403700e-03
2.032092 5.89088551e-05 5.84612938e-05 4.47561377e-07 6.08278795e-07 1.04048124e-02 3.12144373e-03
2.036160 5.93856377e-05 5.89428018e-05 4.42835992e-07 6.02555810e-07 1.02227209e-02 3.06681627e-03
2.040229 5.98699365e-05 5.94321951e-05 4.37741426e-07 5.96319518e-07 1.00336108e-02 3.01008325e-03
2.044298 6.03619433e-05 5.99298608e-05 4.32082563e-07 5.89301922e-07 9.83319357e-03 2.94995807e-03
2.048367 6.08627458e-05 6.04361918e-05 4.26553992e-07 5.82448617e-07 9.63741426e-03 2.89122428e-03
2.052436 6.13432763e-05 6.09203758e-05 4.22900405e-07 5.78145254e-07 9.49017871e-03 2.84705361e-03
2.056504 6.18118932e-05 6.13913689e-05 4.20524277e-07 5.75583023e-07 9.37563428e-03 2.81269029e-03
2.060573 6.22812481e-05 6.18627534e-05 4.18494674e-07 5.73492411e-07 9.27039906e-03 2.78111972e-03
2.064642 6.27521953e-05 6.23356701e-05 4.16525248e-07 5.71482221e-07 9.16782028e-03 2.75034609e-03
2.068711 6.32246247e-05 6.28100243e-05 4.14600405e-07 5.69531301e-07 9.06752238e-03 2.72025671e-03
2.072779 6.36984588e-05 6.32857198e-05 4.12739000e-07 5.67665781e-07 8.96988742e-03 2.69096622e-03
2.076848 6.41736010e-05 6.37626583e-05 4.10942649e-07 5.65888179e-07 8.87491510e-03 2.66247453e-03
2.080917 6.46499531e-05 6.42407402e-05 4.09212971e-07 5.64201035e-07 8.78260483e-03 2.63478145e-03
2.084986 6.51274152e-05 6.47198636e-05 4.07551595e-07 5.62606915e-07 8.69295583e-03 2.60788675e-03
2.089054 6.56058852e-05 6.51999251e-05 4.05960159e-07 5.61108414e-07 8.60596716e-03 2.58179015e-03
2.093123 6.60852583e-05 6.56808193e-05 4.04439013e-07 5.59706362e-07 8.52161053e-03 2.55648316e-03
2.097192 6.65654320e-05 6.61624391e-05 4.02992871e-07 5.58407638e-07 8.43994940e-03 2.53198482e-03
2.101261 6.70458644e-05 6.66442196e-05 4.01644830e-07 5.57244671e-07 8.36148544e-03 2.50844563e-03
2.105330 6.75264128e-05 6.71260210e-05 4.00391786e-07 5.56213657e-07 8.28611093e-03 2.48583328e-03
2.109398 6.80073606e-05 6.76081389e-05 3.99221778e-07 5.55298454e-07 8.21348529e-03 2.46404559e-03
2.113467 6.84887531e-05 6.80906255e-05 3.98127555e-07 5.54489405e-07 8.14340302e-03 2.44302091e-03
2.117536 6.89705172e-05 6.85734091e-05 3.97108143e-07 5.53785559e-07 8.07580615e-03 2.42274185e-03
2.121605 6.94525801e-05 6.90564165e-05 3.96163646e-07 5.53187469e-07 8.01065993e-03 2.40319798e-03
2.125673 6.99348673e-05 6.95395734e-05 3.95293862e-07 5.52695266e-07 7.94792431e-03 2.38437729e-03
2.129742 7.04173029e-05 7.00228043e-05 3.94498612e-07 5.52309116e-07 7.88756064e-03 2.36626819e-03
2.133811 7.08998103e-05 7.05060325e-05 3.93777735e-07 5.52029218e-07 7.82953171e-03 2.34885951e-03
2.137880 7.13823112e-05 7.09891801e-05 3.93131094e-07 5.51855805e-07 7.77380164e-03 2.33214049e-03
2.141948 7.18647261e-05 7.14721678e-05 3.92558329e-07 5.51788805e-07 7.72033117e-03 2.31609935e-03
2.146017 7.23469745e-05 7.19549152e-05 3.92059232e-07 5.51828360e-07 7.66908499e-03 2.30072550e-03
2.150086 7.28288013e-05 7.24371579e-05 3.91643327e-07 5.51988336e-07 7.62023734e-03 2.28607120e-03
2.154155 7.33097500e-05 7.29184380e-05 3.91312042e-07 5.52271249e-07 7.57382172e-03 2.27214652e-03
2.158223 7.37901546e-05 7.33990946e-05 3.91060027e-07 5.52670054e-07 7.52965764e-03 2.25889729e-03
2.162292 7.42701230e-05 7.38792426e-05 3.90880406e-07 5.53175514e-07 7.48756342e-03 2.24626902e-03
2.166361 7.47496040e-05 7.43588327e-05 3.90771277e-07 5.53785392e-07 7.44747290e-03 2.23424187e-03
2.170430 7.52285470e-05 7.48378152e-05 3.90731794e-07 5.54498941e-07 7.40934165e-03 2.22280249e-03
2.174499 7.57069004e-05 7.53161395e-05 3.90760941e-07 5.55315172e-07 7.37312315e-03 2.21193695e-03
2.178567 7.61846122e-05 7.57937545e-05 3.90857717e-07 5.56233116e-07 7.33877244e-03 2.20163173e-03
2.182636 7.66616294e-05 7.62706083e-05 3.91021137e-07 5.57251824e-07 7.30624596e-03 2.19187379e-03
2.186705 7.71378986e-05 7.67466484e-05 3.91250229e-07 5.58370364e-07 7.27550161e-03 2.18265048e-03
2.190774 7.76133656e-05 7.72218216e-05 3.91544034e-07 5.59587823e-07 7.24649861e-03 2.17394958e-03
2.194842 7.80879748e-05 7.76960740e-05 3.91900799e-07 5.60902145e-07 7.21918259e-03 2.16575478e-03
2.198911 7.85616769e-05 7.81693511e-05 3.92325854e-07 5.62321422e-07 7.19363043e-03 2.15808913e-03
2.202980 7.90337070e-05 7.86408850e-05 3.92821967e-07 5.63850120e-07 7.16993610e-03 2.15098083e-03
2.207049 7.95045055e-05 7.91111192e-05 3.93386269e-07 5.65484626e-07 7.14797909e-03 2.14439373e-03
2.211117 7.99742679e-05 7.95802572e-05 3.94010639e-07 5.67213756e-07 7.12756876e-03 2.13827063e-03
2.215186 8.04429841e-05 8.00482925e-05 3.94691554e-07 5.69032887e-07 7.10861993e-03 2.13258598e-03
2.219255 8.09106347e-05 8.05152073e-05 3.95427367e-07 5.70940086e-07 7.09108385e-03 2.12732515e-03
2.223324 8.13772000e-05 8.09809836e-05 3.96216325e-07 5.72933252e-07 7.07491100e-03 2.12247330e-03
2.227393 8.18426603e-05 8.14456037e-05 3.97056618e-07 5.75010200e-07 7.06005204e-03 2.11801561e-03
2.231461 8.23069959e-05 8.19090495e-05 3.97946438e-07 5.77168733e-07 7.04645869e-03 2.11393761e-03
2.235530 8.27701871e-05 8.23713031e-05 3.98883974e-07 5.79406640e-07 7.03408369e-03 2.11022511e-03
2.239599 8.32322141e-05 8.28323467e-05 3.99867410e-07 5.81721693e-07 7.02288076e-03 2.10686423e-03
2.243668 8.36930571e-05 8.32921621e-05 4.00894978e-07 5.84111724e-07 7.01280540e-03 2.10384162e-03
2.247736 8.41526960e-05 8.37507314e-05 4.01964573e-07 5.86574062e-07 7.00380823e-03 2.10114247e-03
2.251805 8.46105941e-05 8.42075201e-05 4.03074026e-07 5.89105928e-07 6.99588265e-03 2.09876479e-03
2.255874 8.50668322e-05 8.46626108e-05 4.04221366e-07 5.91704822e-07 6.98897442e-03 2.09669233e-03
2.259943 8.55217893e-05 8.51163840e-05 4.05405307e-07 5.94369231e-07 6.98301787e-03 2.09490536e-03
2.264011 8.59755547e-05 8.55689305e-05 4.06624282e-07 5.97097224e-07 6.97796759e-03 2.09339028e-03
2.268080 8.64281510e-05 8.60202745e-05 4.07876463e-07 5.99886478e-07 6.97378010e-03 2.09213403e-03
2.272149 8.68796012e-05 8.64704412e-05 4.09160018e-07 6.02734652e-07 6.97041259e-03 2.09112378e-03
2.276218 8.73299294e-05 8.69194563e-05 4.10473109e-07 6.05639382e-07 6.96782294e-03 2.09034688e-03
2.280287 8.77791601e-05 8.73673462e-05 4.11813883e-07 6.08598267e-07 6.96596947e-03 2.08979084e-03
2.284355 8.82273188e-05 8.78141384e-05 4.13180469e-07 6.11608872e-07 6.96481094e-03 2.08944328e-03
2.288424 8.86744317e-05 8.82598607e-05 4.14570980e-07 6.14668720e-07 6.96430648e-03 2.08929194e-03
2.292493 8.91205253e-05 8.87045421e-05 4.15983253e-07 6.17774912e-07 6.96441126e-03 2.08932338e-03
2.296562 8.95656284e-05 8.91482121e-05 4.17416340e-07 6.20926340e-07 6.96510143e-03 2.08953043e-03
2.300630 9.00095004e-05 8.95906298e-05 4.18870628e-07 6.24123878e-07 6.96639681e-03 2.08991904e-03
2.304699 9.04517581e-05 9.00314116e-05 4.20346552e-07 6.27368481e-07 6.96832883e-03 2.09049865e-03
2.308768 9.08930492e-05 9.04712105e-05 4.21838782e-07 6.30652492e-07 6.97075333e-03 2.09122600e-03
2.312837 9.13335503e-05 9.09102083e-05 4.23342061e-07 6.33968315e-07 6.97356575e-03 2.09206973e-03
2.316905 9.17733371e-05 9.13484831e-05 4.24854010e-07 6.37312623e-07 6.97671818e-03 2.09301545e-03
2.320974 9.22124870e-05 9.17861148e-05 4.26372169e-07 6.40681944e-07 6.98016192e-03 2.09404858e-03
2.325043 9.26510787e-05 9.22231847e-05 4.27893972e-07 6.44072622e-07 6.98384711e-03 2.09515413e-03
2.329112 9.30891927e-05 9.26597759e-05 4.29416816e-07 6.47480928e-07 6.98772388e-03 2.09631716e-03
2.333181 9.35269111e-05 9.30959730e-05 4.30938065e-07 6.50903053e-07 6.99174230e-03 2.09752269e-03
2.337249 9.39643175e-05 9.35318624e-05 4.32455048e-07 6.54335107e-07 6.99585243e-03 2.09875573e-03
2.341318 9.44014976e-05 9.39675322e-05 4.33965388e-07 6.57773627e-07 7.00000960e-03 2.10000288e-03
2.345387 9.48385378e-05 9.44030723e-05 4.35465464e-07 6.61213232e-07 7.00414950e-03 2.10124485e-03
2.349456 9.52755224e-05 9.48385741e-05 4.36948355e-07 6.64643481e-07 7.00815557e-03 2.10244667e-03
2.353524 9.57115541e-05 9.52731521e-05 4.38402028e-07 6.68046078e-07 7.01190276e-03 2.10357083e-03
2.357593 9.61475938e-05 9.57077657e-05 4.39828035e-07 6.71423325e-07 7.01534844e-03 2.10460453e-03
2.361662 9.65839337e-05 9.61426982e-05 4.41235453e-07 6.74789053e-07 7.01861988e-03 2.10558596e-03
2.365731 9.70207202e-05 9.65780981e-05 4.42622056e-07 6.78139871e-07 7.02167349e-03 2.10650205e-03
2.369799 9.74580993e-05 9.70141134e-05 4.43985830e-07 6.81472694e-07 7.02446963e-03 2.10734089e-03
2.373868 9.78962197e-05 9.74508948e-05 4.45324912e-07 6.84784640e-07 7.02697129e-03 2.10809139e-03
2.377937 9.83352329e-05 9.78885955e-05 4.46637407e-07 6.88072760e-07 7.02914121e-03 2.10874236e-03
2.382006 9.87752929e-05 9.83273715e-05 4.47921387e-07 6.91334033e-07 7.03094186e-03 2.10928256e-03
2.386074 9.92165566e-05 9.87673817e-05 4.49174895e-07 6.94565364e-07 7.03233549e-03 2.10970065e-03
2.390143 9.96591835e-05 9.92087875e-05 4.50395951e-07 6.97763600e-07 7.03328422e-03 2.10998527e-03
2.394212 1.00103336e-04 9.96517534e-05 4.51582532e-07 7.00925504e-07 7.03374983e-03 2.11012495e-03
2.398281 1.00549179e-04 1.00096446e-04 4.52732349e-07 7.04047387e-07 7.03369014e-03 2.11010704e-03
2.402350 1.00996162e-04 1.00542320e-04 4.53842082e-07 7.07123932e-07 7.03309743e-03 2.10992923e-03
2.406418 1.01444747e-04 1.00989837e-04 4.54909345e-07 7.10151236e-07 7.03190790e-03 2.10957237e-03
2.410487 1.01895571e-04 1.01439637e-04 4.55933952e-07 7.13128806e-07 7.03008041e-03 2.10902412e-03
2.414556 1.02348889e-04 1.01891975e-04 4.56913778e-07 7.16053101e-07 7.02757110e-03 2.10827133e-03
2.418625 1.02804930e-04 1.02347083e-04 4.57846714e-07 7.18920579e-07 7.02433871e-03 2.10730161e-03
2.422693 1.03263927e-04 1.02805197e-04 4.58730633e-07 7.21727638e-07 7.02034198e-03 2.10610259e-03
2.426762 1.03726118e-04 1.03266554e-04 4.59563372e-07 7.24470589e-07 7.01553947e-03 2.10466184e-03
2.430831 1.04191742e-04 1.03731400e-04 4.60342735e-07 7.27145656e-07 7.00988957e-03 2.10296687e-03
2.434900 1.04661045e-04 1.04199979e-04 4.61066488e-07 7.29748976e-07 7.00335050e-03 2.10100515e-03
2.438968 1.05134276e-04 1.04672544e-04 4.61732365e-07 7.32276594e-07 6.99588037e-03 2.09876411e-03
2.443037 1.05611687e-04 1.05149349e-04 4.62338063e-07 7.34724466e-07 6.98743716e-03 2.09623115e-03
2.447106 1.06093534e-04 1.05630653e-04 4.62881241e-07 7.37088451e-07 6.97797876e-03 2.09339363e-03
2.451175 1.06580079e-04 1.06116719e-04 4.63359525e-07 7.39364314e-07 6.96746300e-03 2.09023890e-03
2.455244 1.07071585e-04 1.06607815e-04 4.63770502e-07 7.41547722e-07 6.95584768e-03 2.08675430e-03
2.459312 1.07568323e-04 1.07104211e-04 4.64111723e-07 7.43634243e-07 6.94309060e-03 2.08292718e-03
2.463381 1.08070565e-04 1.07606184e-04 4.64380702e-07 7.45619345e-07 6.92914959e-03 2.07874488e-03
2.467450 1.08578587e-04 1.08114012e-04 4.64574914e-07 7.47498392e-07 6.91398252e-03 2.07419476e-03
2.471519 1.09092673e-04 1.08627981e-04 4.64691797e-07 7.49266644e-07 6.89754737e-03 2.06926421e-03
2.475587 1.09613106e-04 1.09148378e-04 4.64728754e-07 7.50919254e-07 6.87980225e-03 2.06394067e-03
2.479656 1.10140178e-04 1.09675495e-04 4.64683144e-07 7.52451267e-07 6.86070545e-03 2.05821163e-03
2.483725 1.10674183e-04 1.10209630e-04 4.64552294e-07 7.53857616e-07 6.84021545e-03 2.05206463e-03
2.487794 1.11215418e-04 1.10751085e-04 4.64333487e-07 7.55133125e-07 6.81829099e-03 2.04548730e-03
2.491862 1.11764188e-04 1.11300165e-04 4.64023971e-07 7.56272500e-07 6.79489112e-03 2.03846734e-03
2.495931 1.12320800e-04 1.11857179e-04 4.63620953e-07 7.57270332e-07 6.76997521e-03 2.03099256e-03
2.500000 1.12885566e-04 1.12422445e-04 4.63121602e-07 7.58121094e-07 6.74350301e-03 2.02305090e-03
