# W  sigma_tot[ub/GeV^3]  sigma_T  eps*sigma_L  sigma_L(no-epsilon)  R_LT=sigma_L/sigma_T  dR_LT(=0.3*R_LT)
1.080000 5.35787181e-07 5.11644222e-07 2.41429588e-08 2.62053789e-08 5.12179709e-02 1.53653913e-02
1.084069 1.00522222e-06 9.60197064e-07 4.50251540e-08 4.88815297e-08 5.09078099e-02 1.52723430e-02
1.088138 1.31691485e-06 1.25845965e-06 5.84551964e-08 6.34750244e-08 5.04386647e-02 1.51315994e-02
1.092206 1.62887927e-06 1.55705820e-06 7.18210662e-08 7.80049776e-08 5.00976634e-02 1.50292990e-02
1.096275 1.98875997e-06 1.90137695e-06 8.73830243e-08 9.49267914e-08 4.99252878e-02 1.49775863e-02
1.100344 2.35976687e-06 2.25641722e-06 1.03349653e-07 1.12295554e-07 4.97671943e-02 1.49301583e-02
1.104413 2.75218462e-06 2.63197595e-06 1.20208668e-07 1.30641660e-07 4.96363425e-02 1.48909027e-02
1.108481 3.16771136e-06 3.02976471e-06 1.37946644e-07 1.49951204e-07 4.94926895e-02 1.48478069e-02
1.112550 3.61070734e-06 3.45399936e-06 1.56707975e-07 1.70381874e-07 4.93288668e-02 1.47986600e-02
1.116619 4.08618107e-06 3.90950712e-06 1.76673946e-07 1.92131615e-07 4.91447154e-02 1.47434146e-02
1.120688 4.59924521e-06 4.40120614e-06 1.98039073e-07 2.15412948e-07 4.89440714e-02 1.46832214e-02
1.124756 5.15453294e-06 4.93354970e-06 2.20983240e-07 2.40422670e-07 4.87321877e-02 1.46196563e-02
1.128825 5.75988102e-06 5.51409983e-06 2.45781194e-07 2.67460994e-07 4.85049242e-02 1.45514773e-02
1.132894 6.42108594e-06 6.14843575e-06 2.72650194e-07 2.96765844e-07 4.82668854e-02 1.44800656e-02
1.136963 7.14701774e-06 6.84511007e-06 3.01907674e-07 3.28684425e-07 4.80174054e-02 1.44052216e-02
1.141032 7.94691624e-06 7.61303302e-06 3.33883221e-07 3.63577512e-07 4.77572489e-02 1.43271747e-02
1.145100 8.82957231e-06 8.46067660e-06 3.68895715e-07 4.01794563e-07 4.74896491e-02 1.42468947e-02
1.149169 9.80704639e-06 9.39963655e-06 4.07409838e-07 4.43844214e-07 4.72192953e-02 1.41657886e-02
1.153238 1.08902406e-05 1.04403274e-05 4.49913208e-07 4.90260591e-07 4.69583543e-02 1.40875063e-02
1.157307 1.20907377e-05 1.15940411e-05 4.96696572e-07 5.41363764e-07 4.66932762e-02 1.40079829e-02
1.161375 1.34200759e-05 1.28721455e-05 5.47930470e-07 5.97343084e-07 4.64058681e-02 1.39217604e-02
1.165444 1.48906460e-05 1.42861957e-05 6.04450317e-07 6.59113123e-07 4.61363638e-02 1.38409091e-02
1.169513 1.65098021e-05 1.58429861e-05 6.66816023e-07 7.27288855e-07 4.59060464e-02 1.37718139e-02
1.173582 1.82822722e-05 1.75476911e-05 7.34581133e-07 8.01387992e-07 4.56691417e-02 1.37007425e-02
1.177650 2.02053669e-05 1.93972797e-05 8.08087152e-07 8.81787666e-07 4.54593468e-02 1.36378041e-02
1.181719 2.22679030e-05 2.13808414e-05 8.87061530e-07 9.68195199e-07 4.52833066e-02 1.35849920e-02
1.185788 2.44405976e-05 2.34701819e-05 9.70415697e-07 1.05942682e-06 4.51392673e-02 1.35417802e-02
1.189857 2.66770819e-05 2.56202874e-05 1.05679453e-06 1.15400658e-06 4.50426869e-02 1.35128061e-02
1.193926 2.89559756e-05 2.78102881e-05 1.14568745e-06 1.25137962e-06 4.49970029e-02 1.34991009e-02
1.197994 3.11956941e-05 2.99619317e-05 1.23376243e-06 1.34790807e-06 4.49873554e-02 1.34962066e-02
1.202063 3.33142944e-05 3.19957505e-05 1.31854398e-06 1.44088653e-06 4.50336843e-02 1.35101053e-02
1.206132 3.52325518e-05 3.38351240e-05 1.39742783e-06 1.52746617e-06 4.51443940e-02 1.35433182e-02
1.210201 3.68754484e-05 3.54079907e-05 1.46745770e-06 1.60441045e-06 4.53121010e-02 1.35936303e-02
1.214269 3.81864977e-05 3.66590562e-05 1.52744155e-06 1.67040891e-06 4.55660642e-02 1.36698193e-02
1.218338 3.91332505e-05 3.75588585e-05 1.57439204e-06 1.72218586e-06 4.58529873e-02 1.37558962e-02
1.222407 3.97112965e-05 3.81095669e-05 1.60172953e-06 1.75253174e-06 4.59866610e-02 1.37959983e-02
1.226476 3.99499707e-05 3.83046998e-05 1.64527088e-06 1.80062937e-06 4.70080533e-02 1.41024160e-02
1.230544 3.98836336e-05 3.82346829e-05 1.64895075e-06 1.80511741e-06 4.72115178e-02 1.41634553e-02
1.234613 3.95753542e-05 3.79273798e-05 1.64797441e-06 1.80451182e-06 4.75780777e-02 1.42734233e-02
1.238682 3.90895456e-05 3.74301426e-05 1.65940301e-06 1.81749526e-06 4.85569954e-02 1.45670986e-02
1.242751 3.84851334e-05 3.68284179e-05 1.65671549e-06 1.81502304e-06 4.92832204e-02 1.47849661e-02
1.246819 3.78125745e-05 3.61604131e-05 1.65216144e-06 1.81050672e-06 5.00687509e-02 1.50206253e-02
1.250888 3.71147096e-05 3.54675516e-05 1.64715795e-06 1.80549801e-06 5.09056286e-02 1.52716886e-02
1.254957 3.64395369e-05 3.47960333e-05 1.64350365e-06 1.80196855e-06 5.17866086e-02 1.55359826e-02
1.259026 3.57992714e-05 3.41577268e-05 1.64154460e-06 1.80029906e-06 5.27054703e-02 1.58116411e-02
1.263095 3.52243211e-05 3.35820538e-05 1.64226729e-06 1.80157318e-06 5.36469031e-02 1.60940709e-02
1.267163 3.47258180e-05 3.30796175e-05 1.64620053e-06 1.80637358e-06 5.46068460e-02 1.63820538e-02
1.271232 3.43107451e-05 3.26569302e-05 1.65381496e-06 1.81521970e-06 5.55845172e-02 1.66753552e-02
1.275301 3.39901910e-05 3.23245358e-05 1.66565521e-06 1.82871282e-06 5.65735213e-02 1.69720564e-02
1.279370 3.37625178e-05 3.20809873e-05 1.68153058e-06 1.84664737e-06 5.75620493e-02 1.72686148e-02
1.283438 3.36320351e-05 3.19305016e-05 1.70153350e-06 1.86912864e-06 5.85374030e-02 1.75612209e-02
1.287507 3.35977392e-05 3.18720701e-05 1.72566916e-06 1.89616620e-06 5.94930356e-02 1.78479107e-02
1.291576 3.36582213e-05 3.19042607e-05 1.75396058e-06 1.92778925e-06 6.04241943e-02 1.81272583e-02
1.295645 3.38126794e-05 3.20262867e-05 1.78639265e-06 1.96398519e-06 6.13241618e-02 1.83972485e-02
1.299713 3.40590212e-05 3.22363231e-05 1.82269804e-06 2.00446404e-06 6.21802936e-02 1.86540881e-02
1.303782 3.43958087e-05 3.25331326e-05 1.86267612e-06 2.04900892e-06 6.29822201e-02 1.88946660e-02
1.307851 3.48206365e-05 3.29143863e-05 1.90625020e-06 2.09753911e-06 6.37271220e-02 1.91181366e-02
1.311920 3.53312547e-05 3.33778770e-05 1.95337770e-06 2.15001140e-06 6.44142644e-02 1.93242793e-02
1.315989 3.59251001e-05 3.39212027e-05 2.00389736e-06 2.20625189e-06 6.50404970e-02 1.95121491e-02
1.320057 3.65988536e-05 3.45414381e-05 2.05741557e-06 2.26583063e-06 6.55974608e-02 1.96792382e-02
1.324126 3.73501035e-05 3.52364062e-05 2.11369737e-06 2.32849199e-06 6.60819943e-02 1.98245983e-02
1.328195 3.81728203e-05 3.60006718e-05 2.17214855e-06 2.39358418e-06 6.64872089e-02 1.99461627e-02
1.332264 3.90621118e-05 3.68298134e-05 2.23229845e-06 2.46059089e-06 6.68097571e-02 2.00429271e-02
1.336332 4.00111857e-05 3.77177001e-05 2.29348557e-06 2.52878475e-06 6.70450410e-02 2.01135123e-02
1.340401 4.10103053e-05 3.86555720e-05 2.35473329e-06 2.59709006e-06 6.71853998e-02 2.01556199e-02
1.344470 4.20515893e-05 3.96363500e-05 2.41523930e-06 2.66462209e-06 6.72267274e-02 2.01680182e-02
1.348539 4.31226848e-05 4.06486276e-05 2.47405720e-06 2.73033607e-06 6.71692066e-02 2.01507620e-02
1.352607 4.42126805e-05 4.16823429e-05 2.53033760e-06 2.79329303e-06 6.70138201e-02 2.01041460e-02
1.356676 4.53087215e-05 4.27256737e-05 2.58304778e-06 2.85235039e-06 6.67596353e-02 2.00278906e-02
1.360745 4.63956622e-05 4.37647406e-05 2.63092160e-06 2.90610634e-06 6.64029148e-02 1.99208745e-02
1.364814 4.74589418e-05 4.47861880e-05 2.67275385e-06 2.95322459e-06 6.59405216e-02 1.97821565e-02
1.368883 4.84861074e-05 4.57781128e-05 2.70799461e-06 2.99309145e-06 6.53825871e-02 1.96147761e-02
1.372951 4.94625114e-05 4.67266812e-05 2.73583022e-06 3.02480076e-06 6.47339098e-02 1.94201729e-02
1.377020 5.03794025e-05 4.76236255e-05 2.75577702e-06 3.04781019e-06 6.39978614e-02 1.91993584e-02
1.381089 5.12297873e-05 4.84623742e-05 2.76741308e-06 3.06164486e-06 6.31757092e-02 1.89527128e-02
1.385158 5.20046103e-05 4.92343783e-05 2.77023204e-06 3.06573584e-06 6.22681945e-02 1.86804583e-02
1.389226 5.27127220e-05 4.99475629e-05 2.76515903e-06 3.06109801e-06 6.12862337e-02 1.83858701e-02
1.393295 5.33546019e-05 5.06021014e-05 2.75250048e-06 3.04806236e-06 6.02358851e-02 1.80707655e-02
1.397364 5.39428726e-05 5.12096382e-05 2.73323444e-06 3.02770418e-06 5.91237174e-02 1.77371152e-02
1.401433 5.44935748e-05 5.17850162e-05 2.70855867e-06 3.00134353e-06 5.79577597e-02 1.73873279e-02
1.405501 5.50209017e-05 5.23414111e-05 2.67949059e-06 2.97010222e-06 5.67447868e-02 1.70234360e-02
1.409570 5.55484882e-05 5.29013743e-05 2.64711385e-06 2.93517689e-06 5.54839441e-02 1.66451832e-02
1.413639 5.60965633e-05 5.34840882e-05 2.61247504e-06 2.89772464e-06 5.41791912e-02 1.62537573e-02
1.417708 5.66871798e-05 5.41106109e-05 2.57656895e-06 2.85884656e-06 5.28333818e-02 1.58500145e-02
1.421777 5.73428731e-05 5.48024450e-05 2.54042819e-06 2.81968716e-06 5.14518497e-02 1.54355549e-02
1.425845 5.80862049e-05 5.55812614e-05 2.50494355e-06 2.78123502e-06 5.00390771e-02 1.50117231e-02
1.429914 5.89399310e-05 5.64693876e-05 2.47054338e-06 2.74396644e-06 4.85921055e-02 1.45776316e-02
1.433983 5.99267977e-05 5.74889554e-05 2.43784239e-06 2.70856540e-06 4.71145350e-02 1.41343605e-02
1.438052 6.10725367e-05 5.86653079e-05 2.40722883e-06 2.67546513e-06 4.56055755e-02 1.36816727e-02
1.442120 6.24018050e-05 6.00227362e-05 2.37906881e-06 2.64507491e-06 4.40678830e-02 1.32203649e-02
1.446189 6.39438557e-05 6.15900793e-05 2.35377647e-06 2.61785798e-06 4.25045399e-02 1.27513620e-02
1.450258 6.57354193e-05 6.34036413e-05 2.33177800e-06 2.59429166e-06 4.09170768e-02 1.22751230e-02
1.454327 6.78092417e-05 6.54957793e-05 2.31346236e-06 2.57481256e-06 3.93126486e-02 1.17937946e-02
1.458395 7.02180713e-05 6.79186024e-05 2.29946884e-06 2.56013662e-06 3.76941888e-02 1.13082566e-02
1.462464 7.30049790e-05 7.07146190e-05 2.29036002e-06 2.55089543e-06 3.60730987e-02 1.08219296e-02
1.466533 7.62495118e-05 7.39627037e-05 2.28680807e-06 2.54784360e-06 3.44476806e-02 1.03343042e-02
1.470602 8.00287745e-05 7.77393774e-05 2.28939713e-06 2.55163879e-06 3.28229898e-02 9.84689693e-03
1.474670 8.44135460e-05 8.21148632e-05 2.29868278e-06 2.56290782e-06 3.12112535e-02 9.36337606e-03
1.478739 9.01116073e-05 8.77937121e-05 2.31789523e-06 2.58526163e-06 2.94470022e-02 8.83410065e-03
1.482808 9.79614997e-05 9.56111075e-05 2.35039220e-06 2.62245878e-06 2.74283904e-02 8.22851712e-03
1.486877 1.07179708e-04 1.04785158e-04 2.39455026e-06 2.67270365e-06 2.55065098e-02 7.65195294e-03
1.490946 1.14955375e-04 1.12511275e-04 2.44410004e-06 2.72901065e-06 2.42554416e-02 7.27663248e-03
1.495014 1.19533523e-04 1.17038188e-04 2.49533516e-06 2.78724686e-06 2.38148498e-02 7.14445494e-03
1.499083 1.22778364e-04 1.20231932e-04 2.54643243e-06 2.84537753e-06 2.36657391e-02 7.09972172e-03
1.503152 1.25577033e-04 1.22981845e-04 2.59518758e-06 2.90093895e-06 2.35883512e-02 7.07650535e-03
1.507221 1.28014817e-04 1.25376331e-04 2.63848593e-06 2.95044564e-06 2.35327163e-02 7.05981490e-03
1.511289 1.29688387e-04 1.27016302e-04 2.67208546e-06 2.98914573e-06 2.35335598e-02 7.06006794e-03
1.515358 1.30495057e-04 1.27802241e-04 2.69281622e-06 3.01347980e-06 2.35792407e-02 7.07377220e-03
1.519427 1.30559430e-04 1.27858230e-04 2.70120029e-06 3.02401613e-06 2.36513217e-02 7.09539651e-03
1.523496 1.29918327e-04 1.27222072e-04 2.69625467e-06 3.01963811e-06 2.37351748e-02 7.12055244e-03
1.527564 1.28697526e-04 1.26017577e-04 2.67994927e-06 3.00253557e-06 2.38263237e-02 7.14789711e-03
1.531633 1.27064532e-04 1.24409253e-04 2.65527865e-06 2.97605003e-06 2.39214524e-02 7.17643573e-03
1.535702 1.25154078e-04 1.22529615e-04 2.62446310e-06 2.94265990e-06 2.40159076e-02 7.20477227e-03
1.539771 1.23078404e-04 1.20488099e-04 2.59030521e-06 2.90550052e-06 2.41144192e-02 7.23432577e-03
1.543840 1.20961260e-04 1.18405956e-04 2.55530465e-06 2.86737223e-06 2.42164527e-02 7.26493582e-03
1.547908 1.18870156e-04 1.16349370e-04 2.52078631e-06 2.82976091e-06 2.43212397e-02 7.29637192e-03
1.551977 1.16868001e-04 1.14380178e-04 2.48782336e-06 2.79387221e-06 2.44261922e-02 7.32785766e-03
1.556046 1.15011915e-04 1.12554266e-04 2.45764890e-06 2.76109330e-06 2.45312186e-02 7.35936557e-03
1.560115 1.13317230e-04 1.10885676e-04 2.43155341e-06 2.73287818e-06 2.46459081e-02 7.39377242e-03
1.564183 1.11816378e-04 1.09405668e-04 2.41071026e-06 2.71055154e-06 2.47752388e-02 7.43257164e-03
1.568252 1.10525920e-04 1.08130859e-04 2.39506059e-06 2.69405421e-06 2.49147582e-02 7.47442746e-03
1.572321 1.09462125e-04 1.07077679e-04 2.38444548e-06 2.68321442e-06 2.50585784e-02 7.51757353e-03
1.576390 1.08641638e-04 1.06262649e-04 2.37898948e-06 2.67817932e-06 2.52033932e-02 7.56101796e-03
1.580458 1.08076540e-04 1.05697567e-04 2.37897328e-06 2.67927219e-06 2.53484756e-02 7.60454268e-03
1.584527 1.07781425e-04 1.05396841e-04 2.38458410e-06 2.68671166e-06 2.54913869e-02 7.64741607e-03
1.588596 1.07774643e-04 1.05378868e-04 2.39577459e-06 2.70045236e-06 2.56261279e-02 7.68783838e-03
1.592665 1.08075085e-04 1.05662649e-04 2.41243582e-06 2.72037951e-06 2.57458954e-02 7.72376863e-03
1.596734 1.08697899e-04 1.06262919e-04 2.43498000e-06 2.74696611e-06 2.58506555e-02 7.75519664e-03
1.600802 1.09655948e-04 1.07192697e-04 2.46325035e-06 2.78004392e-06 2.59350123e-02 7.78050369e-03
1.604871 1.10962341e-04 1.08464241e-04 2.49809971e-06 2.82058440e-06 2.60047401e-02 7.80142204e-03
1.608940 1.12622710e-04 1.10075662e-04 2.54704800e-06 2.87709180e-06 2.61374018e-02 7.84122055e-03
1.613009 1.14643808e-04 1.12026737e-04 2.61707050e-06 2.95746975e-06 2.63996776e-02 7.91990328e-03
1.617077 1.17031828e-04 1.14326658e-04 2.70517045e-06 3.05836183e-06 2.67510823e-02 8.02532469e-03
1.621146 1.19817307e-04 1.17018171e-04 2.79913649e-06 3.16598387e-06 2.70554894e-02 8.11664682e-03
1.625215 1.22997424e-04 1.20103905e-04 2.89351829e-06 3.27417811e-06 2.72612127e-02 8.17836382e-03
1.629284 1.26459723e-04 1.23468940e-04 2.99078279e-06 3.38573878e-06 2.74217854e-02 8.22653561e-03
1.633352 1.30119376e-04 1.27028071e-04 3.09130593e-06 3.50109695e-06 2.75616006e-02 8.26848019e-03
1.637421 1.33900900e-04 1.30706969e-04 3.19393058e-06 3.61894737e-06 2.76874860e-02 8.30624579e-03
1.641490 1.37731069e-04 1.34434397e-04 3.29667223e-06 3.73704465e-06 2.77982774e-02 8.33948322e-03
1.645559 1.41533649e-04 1.38135336e-04 3.39831257e-06 3.85400830e-06 2.79002347e-02 8.37007042e-03
1.649628 1.45226120e-04 1.41727665e-04 3.49845490e-06 3.96938751e-06 2.80071468e-02 8.40214405e-03
1.653696 1.48727757e-04 1.45131332e-04 3.59642467e-06 4.08241524e-06 2.81291103e-02 8.43873309e-03
1.657765 1.51980059e-04 1.48288684e-04 3.69137556e-06 4.19212799e-06 2.82700466e-02 8.48101397e-03
1.661834 1.54921973e-04 1.51139851e-04 3.78212257e-06 4.29717557e-06 2.84317839e-02 8.52953516e-03
1.665903 1.57507481e-04 1.53639317e-04 3.86816396e-06 4.39698195e-06 2.86188589e-02 8.58565768e-03
1.669971 1.59794554e-04 1.55844785e-04 3.94976887e-06 4.49184664e-06 2.88225662e-02 8.64676987e-03
1.674040 1.61769863e-04 1.57742802e-04 4.02706070e-06 4.58190381e-06 2.90466744e-02 8.71400232e-03
1.678109 1.63071193e-04 1.58969201e-04 4.10199208e-06 4.66937005e-06 2.93727969e-02 8.81183907e-03
1.682178 1.62928648e-04 1.58750952e-04 4.17769674e-06 4.75781123e-06 2.99702848e-02 8.99108543e-03
1.686246 1.61614118e-04 1.57359714e-04 4.25440434e-06 4.84749112e-06 3.08051597e-02 9.24154792e-03
1.690315 1.61219025e-04 1.56890846e-04 4.32817907e-06 4.93392555e-06 3.14481416e-02 9.43444249e-03
1.694384 1.62744181e-04 1.58346640e-04 4.39754100e-06 5.01542264e-06 3.16736915e-02 9.50210746e-03
1.698453 1.65356509e-04 1.60892231e-04 4.46427766e-06 5.09401554e-06 3.16610410e-02 9.49831230e-03
1.702521 1.67936772e-04 1.63406011e-04 4.53076119e-06 5.17240872e-06 3.16537237e-02 9.49611712e-03
1.706590 1.70160381e-04 1.65563108e-04 4.59727303e-06 5.25092396e-06 3.17155436e-02 9.51466308e-03
1.710659 1.72178221e-04 1.67515669e-04 4.66255234e-06 5.32812129e-06 3.18067039e-02 9.54201117e-03
1.714728 1.73932015e-04 1.69205930e-04 4.72608436e-06 5.40341081e-06 3.19339328e-02 9.58017985e-03
1.718797 1.75436866e-04 1.70649649e-04 4.78721771e-06 5.47604521e-06 3.20894022e-02 9.62682066e-03
1.722865 1.76704607e-04 1.71859388e-04 4.84521881e-06 5.54518155e-06 3.22658052e-02 9.67974157e-03
1.726934 1.77749359e-04 1.72849200e-04 4.90015831e-06 5.61089601e-06 3.24612205e-02 9.73836614e-03
1.731003 1.78594031e-04 1.73641057e-04 4.95297384e-06 5.67425814e-06 3.26780902e-02 9.80342706e-03
1.735072 1.79259604e-04 1.74255733e-04 5.00387122e-06 5.73550079e-06 3.29142731e-02 9.87428193e-03
1.739140 1.79775494e-04 1.74723266e-04 5.05222780e-06 5.79390718e-06 3.31604789e-02 9.94814366e-03
1.743209 1.80170735e-04 1.75073209e-04 5.09752650e-06 5.84888016e-06 3.34081965e-02 1.00224590e-02
1.747278 1.80466349e-04 1.75326646e-04 5.13970272e-06 5.90034074e-06 3.36534170e-02 1.00960251e-02
1.751347 1.80680669e-04 1.75501709e-04 5.17896017e-06 5.94851785e-06 3.38943586e-02 1.01683076e-02
1.755415 1.80831886e-04 1.75616605e-04 5.21528139e-06 5.99338673e-06 3.41276768e-02 1.02383030e-02
1.759484 1.80934014e-04 1.75685468e-04 5.24854573e-06 6.03480385e-06 3.43500457e-02 1.03050137e-02
1.763553 1.81002195e-04 1.75723544e-04 5.27865099e-06 6.07264656e-06 3.45579563e-02 1.03673869e-02
1.767622 1.81049057e-04 1.75743732e-04 5.30532436e-06 6.10659549e-06 3.47471594e-02 1.04241478e-02
1.771691 1.81087907e-04 1.75759887e-04 5.32801964e-06 6.13601572e-06 3.49113545e-02 1.04734064e-02
1.775759 1.81129354e-04 1.75782712e-04 5.34664245e-06 6.16079148e-06 3.50477668e-02 1.05143300e-02
1.779828 1.81179037e-04 1.75817470e-04 5.36156762e-06 6.18134766e-06 3.51577558e-02 1.05473267e-02
1.783897 1.81244547e-04 1.75871536e-04 5.37301086e-06 6.19792642e-06 3.52412139e-02 1.05723642e-02
1.787966 1.81334866e-04 1.75953614e-04 5.38125187e-06 6.21084428e-06 3.52981911e-02 1.05894573e-02
1.792034 1.81459931e-04 1.76073432e-04 5.38649909e-06 6.22033607e-06 3.53280787e-02 1.05984236e-02
1.796103 1.81628403e-04 1.76239268e-04 5.38913542e-06 6.22683869e-06 3.53317326e-02 1.05995198e-02
1.800172 1.81848021e-04 1.76458274e-04 5.38974620e-06 6.23102397e-06 3.53115998e-02 1.05934799e-02
1.804241 1.82127001e-04 1.76738192e-04 5.38880817e-06 6.23343960e-06 3.52693411e-02 1.05808023e-02
1.808309 1.82473460e-04 1.77086697e-04 5.38676241e-06 6.23459320e-06 3.52064458e-02 1.05619337e-02
1.812378 1.82896995e-04 1.77512995e-04 5.38400019e-06 6.23493581e-06 3.51238275e-02 1.05371482e-02
1.816447 1.83403154e-04 1.78022129e-04 5.38102510e-06 6.23504965e-06 3.50240147e-02 1.05072044e-02
1.820516 1.83994365e-04 1.78615814e-04 5.37855041e-06 6.23576136e-06 3.49115860e-02 1.04734758e-02
1.824585 1.84674408e-04 1.79297354e-04 5.37705467e-06 6.23762717e-06 3.47892874e-02 1.04367862e-02
1.828653 1.85446799e-04 1.80070209e-04 5.37658950e-06 6.24070909e-06 3.46570880e-02 1.03971264e-02
1.832722 1.86316695e-04 1.80939567e-04 5.37712727e-06 6.24497727e-06 3.45141605e-02 1.03542482e-02
1.836791 1.87282475e-04 1.81903570e-04 5.37890515e-06 6.25070949e-06 3.43627643e-02 1.03088293e-02
1.840860 1.88338150e-04 1.82955718e-04 5.38243108e-06 6.25849909e-06 3.42077260e-02 1.02623178e-02
1.844928 1.89479844e-04 1.84091958e-04 5.38788561e-06 6.26855991e-06 3.40512425e-02 1.02153728e-02
1.848997 1.90703532e-04 1.85308510e-04 5.39502196e-06 6.28060887e-06 3.38927168e-02 1.01678151e-02
1.853066 1.92005566e-04 1.86601963e-04 5.40360298e-06 6.29437349e-06 3.37315502e-02 1.01194651e-02
1.857135 1.93379210e-04 1.87965740e-04 5.41346991e-06 6.30967199e-06 3.35682023e-02 1.00704607e-02
1.861203 1.94816940e-04 1.89392480e-04 5.42445966e-06 6.32631718e-06 3.34032121e-02 1.00209636e-02
1.865272 1.96310453e-04 1.90874025e-04 5.43642732e-06 6.34414261e-06 3.32373281e-02 9.97119844e-03
1.869341 1.97848764e-04 1.92399472e-04 5.44929142e-06 6.36305558e-06 3.30721051e-02 9.92163154e-03
1.873410 1.99420909e-04 1.93957934e-04 5.46297502e-06 6.38296844e-06 3.29090350e-02 9.87271049e-03
1.877479 2.01019531e-04 1.95542393e-04 5.47713786e-06 6.40348547e-06 3.27473003e-02 9.82419008e-03
1.881547 2.02638546e-04 1.97147339e-04 5.49120686e-06 6.42393765e-06 3.25844502e-02 9.77533507e-03
1.885616 2.04270816e-04 1.98765855e-04 5.50496145e-06 6.44406695e-06 3.24203921e-02 9.72611762e-03
1.889685 2.05908626e-04 2.00390178e-04 5.51844810e-06 6.46392744e-06 3.22567079e-02 9.67701238e-03
1.893754 2.07544397e-04 2.02012745e-04 5.53165202e-06 6.48350154e-06 3.20945172e-02 9.62835517e-03
1.897822 2.09173006e-04 2.03628483e-04 5.54452342e-06 6.50273058e-06 3.19342878e-02 9.58028635e-03
1.901891 2.10788431e-04 2.05231443e-04 5.55698814e-06 6.52152713e-06 3.17764522e-02 9.53293566e-03
1.905960 2.12387490e-04 2.06818467e-04 5.56902255e-06 6.53986287e-06 3.16212714e-02 9.48638141e-03
1.910029 2.13968993e-04 2.08388366e-04 5.58062651e-06 6.55773701e-06 3.14688249e-02 9.44064746e-03
1.914097 2.15531383e-04 2.09939585e-04 5.59179821e-06 6.57514677e-06 3.13192330e-02 9.39576990e-03
1.918166 2.17075298e-04 2.11472717e-04 5.60258162e-06 6.59214323e-06 3.11725471e-02 9.35176413e-03
1.922235 2.18600886e-04 2.12987895e-04 5.61299197e-06 6.60874375e-06 3.10287294e-02 9.30861883e-03
1.926304 2.20110119e-04 2.14486994e-04 5.62312453e-06 6.62506004e-06 3.08879336e-02 9.26638008e-03
1.930372 2.21606073e-04 2.15972972e-04 5.63310104e-06 6.64123532e-06 3.07503076e-02 9.22509229e-03
1.934441 2.23091507e-04 2.17448458e-04 5.64304866e-06 6.65741957e-06 3.06160808e-02 9.18482425e-03
1.938510 2.24569893e-04 2.18916714e-04 5.65317865e-06 6.67386244e-06 3.04858515e-02 9.14575545e-03
1.942579 2.26045014e-04 2.20381112e-04 5.66390191e-06 6.69105013e-06 3.03612686e-02 9.10838058e-03
1.946648 2.27520024e-04 2.21844941e-04 5.67508292e-06 6.70882422e-06 3.02410512e-02 9.07231537e-03
1.950716 2.28995866e-04 2.23309498e-04 5.68636781e-06 6.72676755e-06 3.01230696e-02 9.03692087e-03
1.954785 2.30471570e-04 2.24774032e-04 5.69753784e-06 6.74462178e-06 3.00062321e-02 9.00186964e-03
1.958854 2.31948049e-04 2.26239676e-04 5.70837372e-06 6.76212724e-06 2.98892191e-02 8.96676574e-03
1.962923 2.33426851e-04 2.27708195e-04 5.71865549e-06 6.77902274e-06 2.97706577e-02 8.93119732e-03
1.966991 2.34908987e-04 2.29180825e-04 5.72816231e-06 6.79504529e-06 2.96492750e-02 8.89478249e-03
1.971060 2.36395487e-04 2.30658814e-04 5.73667233e-06 6.80992994e-06 2.95238227e-02 8.85714681e-03
1.975129 2.37887392e-04 2.32143429e-04 5.74396250e-06 6.82340958e-06 2.93930765e-02 8.81792296e-03
1.979198 2.39385759e-04 2.33635951e-04 5.74980844e-06 6.83521471e-06 2.92558345e-02 8.77675035e-03
1.983266 2.40891660e-04 2.35137676e-04 5.75398426e-06 6.84507326e-06 2.91109165e-02 8.73327495e-03
1.987335 2.42406180e-04 2.36649918e-04 5.75626244e-06 6.85271036e-06 2.89571635e-02 8.68714905e-03
1.991404 2.43930418e-04 2.38174005e-04 5.75641363e-06 6.85784820e-06 2.87934370e-02 8.63803110e-03
1.995473 2.45465488e-04 2.39711282e-04 5.75420659e-06 6.86020576e-06 2.86186187e-02 8.58558560e-03
1.999542 2.47012518e-04 2.41263110e-04 5.74940794e-06 6.85949871e-06 2.84316102e-02 8.52948306e-03
2.003610 2.48572650e-04 2.42830868e-04 5.74178214e-06 6.85543912e-06 2.82313331e-02 8.46939994e-03
2.007679 2.50147040e-04 2.44415949e-04 5.73109123e-06 6.84773538e-06 2.80167289e-02 8.40501867e-03
2.011748 2.51736858e-04 2.46019763e-04 5.71709479e-06 6.83609190e-06 2.77867591e-02 8.33602774e-03
2.015817 2.53343289e-04 2.47643739e-04 5.69954978e-06 6.82020904e-06 2.75404057e-02 8.26212170e-03
2.019885 2.54967531e-04 2.49289321e-04 5.67821038e-06 6.79978285e-06 2.72766712e-02 8.18300137e-03
2.023954 2.56610797e-04 2.50957969e-04 5.65282791e-06 6.77450491e-06 2.69945798e-02 8.09837393e-03
2.028023 2.58274313e-04 2.52651162e-04 5.62315067e-06 6.74406218e-06 2.66931770e-02 8.00795309e-03
2.032092 2.59959320e-04 2.54370396e-04 5.58892387e-06 6.70813680e-06 2.63715310e-02 7.91145931e-03
2.036160 2.61667073e-04 2.56117183e-04 5.54988942e-06 6.66640590e-06 2.60287335e-02 7.80862005e-03
2.040229 2.63398840e-04 2.57893054e-04 5.50578591e-06 6.61854149e-06 2.56638998e-02 7.69916994e-03
2.044298 2.65153650e-04 2.59699555e-04 5.45409416e-06 6.56149821e-06 2.52657275e-02 7.57971826e-03
2.048367 2.66941785e-04 2.61538254e-04 5.40353084e-06 6.50574883e-06 2.48749417e-02 7.46248252e-03
2.052436 2.68652135e-04 2.63275847e-04 5.37628802e-06 6.47803569e-06 2.46055070e-02 7.38165209e-03
2.056504 2.70316377e-04 2.64951387e-04 5.36499023e-06 6.46953079e-06 2.44178030e-02 7.32534091e-03
2.060573 2.71981541e-04 2.66623656e-04 5.35788565e-06 6.46609717e-06 2.42517760e-02 7.27553279e-03
2.064642 2.73648902e-04 2.68297565e-04 5.35133657e-06 6.46335337e-06 2.40902424e-02 7.22707271e-03
2.068711 2.75317836e-04 2.69972691e-04 5.34514468e-06 6.46106138e-06 2.39322775e-02 7.17968326e-03
2.072779 2.76988161e-04 2.71648606e-04 5.33955466e-06 6.45951838e-06 2.37789491e-02 7.13368474e-03
2.076848 2.78659465e-04 2.73324874e-04 5.33459088e-06 6.45875576e-06 2.36303255e-02 7.08909766e-03
2.080917 2.80331335e-04 2.75001057e-04 5.33027814e-06 6.45880557e-06 2.34864754e-02 7.04594263e-03
2.084986 2.82003351e-04 2.76676709e-04 5.32664175e-06 6.45970060e-06 2.33474680e-02 7.00424039e-03
2.089054 2.83675088e-04 2.78351380e-04 5.32370749e-06 6.46147433e-06 2.32133727e-02 6.96401182e-03
2.093123 2.85346099e-04 2.80024614e-04 5.32148461e-06 6.46414029e-06 2.30841860e-02 6.92525581e-03
2.097192 2.87015991e-04 2.81695951e-04 5.32004003e-06 6.46778221e-06 2.29601533e-02 6.88804599e-03
2.101261 2.88682670e-04 2.83362985e-04 5.31968511e-06 6.47278153e-06 2.28427207e-02 6.85281622e-03
2.105330 2.90345517e-04 2.85025130e-04 5.32038705e-06 6.47910186e-06 2.27316864e-02 6.81950592e-03
2.109398 2.92005642e-04 2.86683647e-04 5.32199444e-06 6.48656222e-06 2.26262024e-02 6.78786071e-03
2.113467 2.93663181e-04 2.88338764e-04 5.32441685e-06 6.49505538e-06 2.25257794e-02 6.75773381e-03
2.117536 2.95317825e-04 2.89990178e-04 5.32764681e-06 6.50457508e-06 2.24303289e-02 6.72909867e-03
2.121605 2.96969278e-04 2.91637586e-04 5.33169124e-06 6.51513263e-06 2.23398250e-02 6.70194749e-03
2.125673 2.98617233e-04 2.93280680e-04 5.33655296e-06 6.52673441e-06 2.22542256e-02 6.67626767e-03
2.129742 3.00261384e-04 2.94919149e-04 5.34223504e-06 6.53938714e-06 2.21734912e-02 6.65204735e-03
2.133811 3.01901418e-04 2.96552677e-04 5.34874078e-06 6.55309788e-06 2.20975847e-02 6.62927540e-03
2.137880 3.03537021e-04 2.98180947e-04 5.35607377e-06 6.56787410e-06 2.20264714e-02 6.60794141e-03
2.141948 3.05167872e-04 2.99803638e-04 5.36423451e-06 6.58371951e-06 2.19601055e-02 6.58803164e-03
2.146017 3.06793650e-04 3.01420424e-04 5.37322550e-06 6.60064036e-06 2.18984509e-02 6.56953527e-03
2.150086 3.08413396e-04 3.03030213e-04 5.38318295e-06 6.61880730e-06 2.18420706e-02 6.55262117e-03
2.154155 3.10025242e-04 3.04631109e-04 5.39413294e-06 6.63825613e-06 2.17911301e-02 6.53733902e-03
2.158223 3.11630562e-04 3.06224554e-04 5.40600799e-06 6.65890757e-06 2.17451784e-02 6.52355353e-03
2.162292 3.13229763e-04 3.07811044e-04 5.41871863e-06 6.68065493e-06 2.17037532e-02 6.51112596e-03
2.166361 3.14822637e-04 3.09390393e-04 5.43224332e-06 6.70347506e-06 2.16667201e-02 6.50001604e-03
2.170430 3.16408988e-04 3.10962413e-04 5.44657497e-06 6.72736253e-06 2.16340054e-02 6.49020162e-03
2.174499 3.17988617e-04 3.12526913e-04 5.46170387e-06 6.75230873e-06 2.16055272e-02 6.48165817e-03
2.178567 3.19561321e-04 3.14083701e-04 5.47762036e-06 6.77830507e-06 2.15812061e-02 6.47436182e-03
2.182636 3.21126899e-04 3.15632584e-04 5.49431474e-06 6.80534296e-06 2.15609646e-02 6.46828937e-03
2.186705 3.22685143e-04 3.17173366e-04 5.51177735e-06 6.83341379e-06 2.15447277e-02 6.46341830e-03
2.190774 3.24235849e-04 3.18705850e-04 5.52999846e-06 6.86250893e-06 2.15324222e-02 6.45972666e-03
2.194842 3.25778795e-04 3.20229838e-04 5.54895690e-06 6.89260547e-06 2.15239326e-02 6.45717979e-03
2.198911 3.27313861e-04 3.21745129e-04 5.56873174e-06 6.92380512e-06 2.15195336e-02 6.45586008e-03
2.202980 3.28837959e-04 3.23248593e-04 5.58936627e-06 6.95616547e-06 2.15195538e-02 6.45586613e-03
2.207049 3.30352910e-04 3.24742086e-04 5.61082364e-06 6.98964451e-06 2.15236793e-02 6.45710378e-03
2.211117 3.31859467e-04 3.26226475e-04 5.63299147e-06 7.02410595e-06 2.15313792e-02 6.45941377e-03
2.215186 3.33357581e-04 3.27701759e-04 5.65582208e-06 7.05949373e-06 2.15424346e-02 6.46273039e-03
2.219255 3.34847187e-04 3.29167893e-04 5.67929421e-06 7.09578462e-06 2.15567338e-02 6.46702013e-03
2.223324 3.36328214e-04 3.30624829e-04 5.70338476e-06 7.13295303e-06 2.15741602e-02 6.47224806e-03
2.227393 3.37800594e-04 3.32072525e-04 5.72806960e-06 7.17097200e-06 2.15945960e-02 6.47837879e-03
2.231461 3.39264257e-04 3.33510932e-04 5.75332429e-06 7.20981409e-06 2.16179243e-02 6.48537729e-03
2.235530 3.40719132e-04 3.34940008e-04 5.77912409e-06 7.24945140e-06 2.16440295e-02 6.49320884e-03
2.239599 3.42165151e-04 3.36359707e-04 5.80544392e-06 7.28985553e-06 2.16727967e-02 6.50183900e-03
2.243668 3.43602243e-04 3.37769984e-04 5.83225912e-06 7.33099852e-06 2.17041148e-02 6.51123445e-03
2.247736 3.45030336e-04 3.39170796e-04 5.85953991e-06 7.37284586e-06 2.17378558e-02 6.52135675e-03
2.251805 3.46447264e-04 3.40560008e-04 5.88725527e-06 7.41536136e-06 2.17740227e-02 6.53220682e-03
2.255874 3.47853371e-04 3.41937994e-04 5.91537681e-06 7.45851204e-06 2.18124694e-02 6.54374082e-03
2.259943 3.49250210e-04 3.43306324e-04 5.94388594e-06 7.50227716e-06 2.18530119e-02 6.55590356e-03
2.264011 3.50638152e-04 3.44665392e-04 5.97275979e-06 7.54663050e-06 2.18955273e-02 6.56865819e-03
2.268080 3.52017297e-04 3.46015326e-04 6.00197148e-06 7.59154069e-06 2.19398972e-02 6.58196917e-03
2.272149 3.53387747e-04 3.47356253e-04 6.03149386e-06 7.63697590e-06 2.19860038e-02 6.59580113e-03
2.276218 3.54749605e-04 3.48688305e-04 6.06129950e-06 7.68290382e-06 2.20337296e-02 6.61011887e-03
2.280287 3.56102975e-04 3.50011615e-04 6.09136056e-06 7.72929153e-06 2.20829573e-02 6.62488718e-03
2.284355 3.57447966e-04 3.51326318e-04 6.12164878e-06 7.77610543e-06 2.21335694e-02 6.64007082e-03
2.288424 3.58784687e-04 3.52632552e-04 6.15213550e-06 7.82331126e-06 2.21854484e-02 6.65563451e-03
2.292493 3.60113246e-04 3.53930458e-04 6.18278777e-06 7.87086923e-06 2.22384626e-02 6.67153877e-03
2.296562 3.61433769e-04 3.55220179e-04 6.21359060e-06 7.91876222e-06 2.22925461e-02 6.68776384e-03
2.300630 3.62745329e-04 3.56500780e-04 6.24454882e-06 7.96699835e-06 2.23477726e-02 6.70433177e-03
2.304699 3.64046434e-04 3.57770766e-04 6.27566806e-06 8.01558681e-06 2.24042531e-02 6.72127594e-03
2.308768 3.65339630e-04 3.59032762e-04 6.30686780e-06 8.06442672e-06 2.24615344e-02 6.73846031e-03
2.312837 3.66625582e-04 3.60287513e-04 6.33806825e-06 8.11341766e-06 2.25192863e-02 6.75578588e-03
2.316905 3.67904582e-04 3.61535350e-04 6.36923237e-06 8.16251357e-06 2.25773595e-02 6.77320785e-03
2.320974 3.69176928e-04 3.62776606e-04 6.40032180e-06 8.21166648e-06 2.26356009e-02 6.79068027e-03
2.325043 3.70442919e-04 3.64011623e-04 6.43129645e-06 8.26082600e-06 2.26938523e-02 6.80815569e-03
2.329112 3.71702859e-04 3.65240743e-04 6.46211559e-06 8.30994069e-06 2.27519543e-02 6.82558629e-03
2.333181 3.72957054e-04 3.66464316e-04 6.49273788e-06 8.35895811e-06 2.28097464e-02 6.84292391e-03
2.337249 3.74205819e-04 3.67682697e-04 6.52312136e-06 8.40782473e-06 2.28670666e-02 6.86011999e-03
2.341318 3.75449472e-04 3.68896244e-04 6.55322848e-06 8.45649251e-06 2.29237696e-02 6.87713089e-03
2.345387 3.76688323e-04 3.70105320e-04 6.58300276e-06 8.50488872e-06 2.29796446e-02 6.89389338e-03
2.349456 3.77922632e-04 3.71310294e-04 6.61233774e-06 8.55287559e-06 2.30343077e-02 6.91029232e-03
2.353524 3.79148762e-04 3.72507713e-04 6.64104922e-06 8.60021407e-06 2.30873450e-02 6.92620349e-03
2.357593 3.80370504e-04 3.73701346e-04 6.66915838e-06 8.64693025e-06 2.31386115e-02 6.94158344e-03
2.361662 3.81589104e-04 3.74892303e-04 6.69680096e-06 8.69319898e-06 2.31885235e-02 6.95655705e-03
2.365731 3.82805109e-04 3.76081168e-04 6.72394158e-06 8.73897361e-06 2.32369349e-02 6.97108047e-03
2.369799 3.84019064e-04 3.77268516e-04 6.75054820e-06 8.78421154e-06 2.32837122e-02 6.98511366e-03
2.373868 3.85231521e-04 3.78454930e-04 6.77659107e-06 8.82887296e-06 2.33287302e-02 6.99861907e-03
2.377937 3.86443042e-04 3.79641002e-04 6.80204003e-06 8.87291733e-06 2.33718626e-02 7.01155878e-03
2.382006 3.87654193e-04 3.80827329e-04 6.82686453e-06 8.91630336e-06 2.34129819e-02 7.02389457e-03
2.386074 3.88865550e-04 3.82014517e-04 6.85103361e-06 8.95898899e-06 2.34519595e-02 7.03558786e-03
2.390143 3.90077694e-04 3.83203178e-04 6.87451602e-06 9.00093161e-06 2.34886664e-02 7.04659991e-03
2.394212 3.91291214e-04 3.84393934e-04 6.89728003e-06 9.04208768e-06 2.35229718e-02 7.05689155e-03
2.398281 3.92506701e-04 3.85587411e-04 6.91928984e-06 9.08240811e-06 2.35547319e-02 7.06641958e-03
2.402350 3.93721984e-04 3.86781490e-04 6.94049402e-06 9.12182301e-06 2.35839182e-02 7.07517545e-03
2.406418 3.94938795e-04 3.87977939e-04 6.96085550e-06 9.16028095e-06 2.36103139e-02 7.08309418e-03
2.410487 3.96159562e-04 3.89179191e-04 6.98037098e-06 9.19777477e-06 2.36337784e-02 7.09013353e-03
2.414556 3.97385208e-04 3.90386200e-04 6.99900763e-06 9.23425825e-06 2.36541616e-02 7.09624847e-03
2.418625 3.98616555e-04 3.91599822e-04 7.01673302e-06 9.26968542e-06 2.36713219e-02 7.10139656e-03
2.422693 3.99854435e-04 3.92820921e-04 7.03351452e-06 9.30400979e-06 2.36851178e-02 7.10553535e-03
2.426762 4.01099690e-04 3.94050371e-04 7.04931912e-06 9.33718410e-06 2.36954075e-02 7.10862224e-03
2.430831 4.02353171e-04 3.95289058e-04 7.06411342e-06 9.36916024e-06 2.37020480e-02 7.11061441e-03
2.434900 4.03615740e-04 3.96537876e-04 7.07786360e-06 9.39988930e-06 2.37048965e-02 7.11146894e-03
2.438968 4.04888266e-04 3.97797730e-04 7.09053545e-06 9.42932152e-06 2.37038093e-02 7.11114278e-03
2.443037 4.06171631e-04 3.99069536e-04 7.10209436e-06 9.45740633e-06 2.36986426e-02 7.10959279e-03
2.447106 4.07466724e-04 4.00354219e-04 7.11250531e-06 9.48409225e-06 2.36892527e-02 7.10677580e-03
2.451175 4.08774447e-04 4.01652714e-04 7.12173289e-06 9.50932699e-06 2.36754954e-02 7.10264862e-03
2.455244 4.10095710e-04 4.02965969e-04 7.12974128e-06 9.53305735e-06 2.36572269e-02 7.09716807e-03
2.459312 4.11431432e-04 4.04294938e-04 7.13649424e-06 9.55522927e-06 2.36343035e-02 7.09029105e-03
2.463381 4.12782545e-04 4.05640590e-04 7.14195514e-06 9.57578776e-06 2.36065818e-02 7.08197453e-03
2.467450 4.14149989e-04 4.07003902e-04 7.14608694e-06 9.59467695e-06 2.35739189e-02 7.07217566e-03
2.471519 4.15534714e-04 4.08385862e-04 7.14885220e-06 9.61184006e-06 2.35361724e-02 7.06085173e-03
2.475587 4.16937681e-04 4.09787468e-04 7.15021305e-06 9.62721936e-06 2.34932010e-02 7.04796030e-03
2.479656 4.18359862e-04 4.11209731e-04 7.15013125e-06 9.64075618e-06 2.34448639e-02 7.03345918e-03
2.483725 4.19802237e-04 4.12653669e-04 7.14856811e-06 9.65239092e-06 2.33910217e-02 7.01730650e-03
2.487794 4.21265799e-04 4.14120315e-04 7.14548455e-06 9.66206300e-06 2.33315359e-02 6.99946077e-03
2.491862 4.22751550e-04 4.15610709e-04 7.14084109e-06 9.66971087e-06 2.32662698e-02 6.97988093e-03
2.495931 4.24260502e-04 4.17125904e-04 7.13459784e-06 9.67527201e-06 2.31950879e-02 6.95852637e-03
2.500000 4.25793679e-04 4.18666964e-04 7.12671447e-06 9.67868289e-06 2.31178567e-02 6.93535702e-03
