     Q**2          x         u           d           g          ub          db          sb          s          cb          c          bb          b
     0.750     0.010    0.239E+00    0.201E+00    0.000E+00    0.122E+00    0.141E+00    0.618E-02    0.618E-02    0.000E+00    0.000E+00    0.000E+00    0.000E+00
     0.750     0.020    0.304E+00    0.259E+00    0.917E+00    0.117E+00    0.138E+00    0.150E-01    0.150E-01    0.000E+00    0.000E+00    0.000E+00    0.000E+00
     0.750     0.030    0.364E+00    0.308E+00    0.151E+01    0.119E+00    0.139E+00    0.223E-01    0.223E-01    0.000E+00    0.000E+00    0.000E+00    0.000E+00
     0.750     0.040    0.418E+00    0.348E+00    0.179E+01    0.122E+00    0.139E+00    0.281E-01    0.281E-01    0.000E+00    0.000E+00    0.000E+00    0.000E+00
     0.750     0.050    0.466E+00    0.379E+00    0.193E+01    0.122E+00    0.140E+00    0.324E-01    0.324E-01    0.000E+00    0.000E+00    0.000E+00    0.000E+00
     0.750     0.060    0.507E+00    0.403E+00    0.196E+01    0.121E+00    0.141E+00    0.355E-01    0.355E-01    0.000E+00    0.000E+00    0.000E+00    0.000E+00
     0.750     0.070    0.543E+00    0.423E+00    0.194E+01    0.117E+00    0.142E+00    0.375E-01    0.375E-01    0.000E+00    0.000E+00    0.000E+00    0.000E+00
     0.750     0.080    0.575E+00    0.438E+00    0.187E+01    0.111E+00    0.143E+00    0.387E-01    0.387E-01    0.000E+00    0.000E+00    0.000E+00    0.000E+00
     0.750     0.090    0.603E+00    0.449E+00    0.177E+01    0.105E+00    0.143E+00    0.393E-01    0.393E-01    0.000E+00    0.000E+00    0.000E+00    0.000E+00
     0.750     0.100    0.629E+00    0.457E+00    0.167E+01    0.986E-01    0.142E+00    0.393E-01    0.393E-01    0.000E+00    0.000E+00    0.000E+00    0.000E+00
     0.750     0.110    0.652E+00    0.463E+00    0.156E+01    0.922E-01    0.140E+00    0.388E-01    0.388E-01    0.000E+00    0.000E+00    0.000E+00    0.000E+00
     0.750     0.120    0.673E+00    0.466E+00    0.144E+01    0.861E-01    0.137E+00    0.380E-01    0.380E-01    0.000E+00    0.000E+00    0.000E+00    0.000E+00
     0.750     0.130    0.693E+00    0.467E+00    0.133E+01    0.804E-01    0.133E+00    0.369E-01    0.369E-01    0.000E+00    0.000E+00    0.000E+00    0.000E+00
     0.750     0.140    0.710E+00    0.467E+00    0.122E+01    0.752E-01    0.128E+00    0.356E-01    0.356E-01    0.000E+00    0.000E+00    0.000E+00    0.000E+00
     0.750     0.150    0.727E+00    0.465E+00    0.112E+01    0.705E-01    0.122E+00    0.341E-01    0.341E-01    0.000E+00    0.000E+00    0.000E+00    0.000E+00
     0.750     0.160    0.741E+00    0.463E+00    0.103E+01    0.662E-01    0.116E+00    0.326E-01    0.326E-01    0.000E+00    0.000E+00    0.000E+00    0.000E+00
     0.750     0.170    0.754E+00    0.459E+00    0.943E+00    0.622E-01    0.110E+00    0.309E-01    0.309E-01    0.000E+00    0.000E+00    0.000E+00    0.000E+00
     0.750     0.180    0.765E+00    0.455E+00    0.864E+00    0.587E-01    0.103E+00    0.292E-01    0.292E-01    0.000E+00    0.000E+00    0.000E+00    0.000E+00
     0.750     0.190    0.774E+00    0.451E+00    0.792E+00    0.554E-01    0.959E-01    0.275E-01    0.275E-01    0.000E+00    0.000E+00    0.000E+00    0.000E+00
     0.750     0.200    0.782E+00    0.445E+00    0.727E+00    0.523E-01    0.890E-01    0.258E-01    0.258E-01    0.000E+00    0.000E+00    0.000E+00    0.000E+00
     0.750     0.210    0.788E+00    0.440E+00    0.669E+00    0.494E-01    0.822E-01    0.241E-01    0.241E-01    0.000E+00    0.000E+00    0.000E+00    0.000E+00
     0.750     0.220    0.793E+00    0.434E+00    0.617E+00    0.467E-01    0.757E-01    0.225E-01    0.225E-01    0.000E+00    0.000E+00    0.000E+00    0.000E+00
     0.750     0.230    0.796E+00    0.427E+00    0.571E+00    0.441E-01    0.693E-01    0.209E-01    0.209E-01    0.000E+00    0.000E+00    0.000E+00    0.000E+00
     0.750     0.240    0.797E+00    0.421E+00    0.530E+00    0.416E-01    0.633E-01    0.194E-01    0.194E-01    0.000E+00    0.000E+00    0.000E+00    0.000E+00
     0.750     0.250    0.797E+00    0.414E+00    0.493E+00    0.391E-01    0.576E-01    0.179E-01    0.179E-01    0.000E+00    0.000E+00    0.000E+00    0.000E+00
     0.750     0.260    0.795E+00    0.406E+00    0.460E+00    0.367E-01    0.523E-01    0.165E-01    0.165E-01    0.000E+00    0.000E+00    0.000E+00    0.000E+00
     0.750     0.270    0.792E+00    0.398E+00    0.432E+00    0.344E-01    0.473E-01    0.151E-01    0.151E-01    0.000E+00    0.000E+00    0.000E+00    0.000E+00
     0.750     0.280    0.787E+00    0.390E+00    0.406E+00    0.321E-01    0.427E-01    0.139E-01    0.139E-01    0.000E+00    0.000E+00    0.000E+00    0.000E+00
     0.750     0.290    0.781E+00    0.382E+00    0.383E+00    0.299E-01    0.385E-01    0.127E-01    0.127E-01    0.000E+00    0.000E+00    0.000E+00    0.000E+00
     0.750     0.300    0.774E+00    0.373E+00    0.362E+00    0.278E-01    0.346E-01    0.116E-01    0.116E-01    0.000E+00    0.000E+00    0.000E+00    0.000E+00
     0.750     0.310    0.766E+00    0.363E+00    0.343E+00    0.256E-01    0.310E-01    0.105E-01    0.105E-01    0.000E+00    0.000E+00    0.000E+00    0.000E+00
     0.750     0.320    0.756E+00    0.353E+00    0.326E+00    0.236E-01    0.278E-01    0.955E-02    0.955E-02    0.000E+00    0.000E+00    0.000E+00    0.000E+00
     0.750     0.330    0.745E+00    0.343E+00    0.311E+00    0.217E-01    0.249E-01    0.865E-02    0.865E-02    0.000E+00    0.000E+00    0.000E+00    0.000E+00
     0.750     0.340    0.734E+00    0.333E+00    0.296E+00    0.198E-01    0.222E-01    0.781E-02    0.781E-02    0.000E+00    0.000E+00    0.000E+00    0.000E+00
     0.750     0.350    0.721E+00    0.322E+00    0.282E+00    0.180E-01    0.198E-01    0.703E-02    0.703E-02    0.000E+00    0.000E+00    0.000E+00    0.000E+00
     0.750     0.360    0.707E+00    0.311E+00    0.270E+00    0.163E-01    0.177E-01    0.632E-02    0.632E-02    0.000E+00    0.000E+00    0.000E+00    0.000E+00
     0.750     0.370    0.693E+00    0.299E+00    0.257E+00    0.147E-01    0.157E-01    0.566E-02    0.566E-02    0.000E+00    0.000E+00    0.000E+00    0.000E+00
     0.750     0.380    0.678E+00    0.287E+00    0.246E+00    0.133E-01    0.140E-01    0.506E-02    0.506E-02    0.000E+00    0.000E+00    0.000E+00    0.000E+00
     0.750     0.390    0.662E+00    0.276E+00    0.234E+00    0.119E-01    0.124E-01    0.451E-02    0.451E-02    0.000E+00    0.000E+00    0.000E+00    0.000E+00
     0.750     0.400    0.646E+00    0.264E+00    0.223E+00    0.106E-01    0.110E-01    0.401E-02    0.401E-02    0.000E+00    0.000E+00    0.000E+00    0.000E+00
     0.750     0.410    0.629E+00    0.251E+00    0.212E+00    0.946E-02    0.972E-02    0.356E-02    0.356E-02    0.000E+00    0.000E+00    0.000E+00    0.000E+00
     0.750     0.420    0.611E+00    0.239E+00    0.202E+00    0.839E-02    0.857E-02    0.315E-02    0.315E-02    0.000E+00    0.000E+00    0.000E+00    0.000E+00
     0.750     0.430    0.594E+00    0.227E+00    0.191E+00    0.742E-02    0.754E-02    0.278E-02    0.278E-02    0.000E+00    0.000E+00    0.000E+00    0.000E+00
     0.750     0.440    0.575E+00    0.215E+00    0.181E+00    0.654E-02    0.662E-02    0.245E-02    0.245E-02    0.000E+00    0.000E+00    0.000E+00    0.000E+00
     0.750     0.450    0.557E+00    0.203E+00    0.171E+00    0.575E-02    0.580E-02    0.215E-02    0.215E-02    0.000E+00    0.000E+00    0.000E+00    0.000E+00
     0.750     0.460    0.538E+00    0.191E+00    0.161E+00    0.503E-02    0.507E-02    0.188E-02    0.188E-02    0.000E+00    0.000E+00    0.000E+00    0.000E+00
     0.750     0.470    0.519E+00    0.179E+00    0.151E+00    0.439E-02    0.441E-02    0.164E-02    0.164E-02    0.000E+00    0.000E+00    0.000E+00    0.000E+00
     0.750     0.480    0.500E+00    0.168E+00    0.142E+00    0.382E-02    0.383E-02    0.142E-02    0.142E-02    0.000E+00    0.000E+00    0.000E+00    0.000E+00
     0.750     0.490    0.481E+00    0.157E+00    0.133E+00    0.331E-02    0.332E-02    0.123E-02    0.123E-02    0.000E+00    0.000E+00    0.000E+00    0.000E+00
     0.750     0.500    0.461E+00    0.146E+00    0.123E+00    0.286E-02    0.287E-02    0.107E-02    0.107E-02    0.000E+00    0.000E+00    0.000E+00    0.000E+00
     0.750     0.510    0.442E+00    0.135E+00    0.115E+00    0.246E-02    0.246E-02    0.918E-03    0.918E-03    0.000E+00    0.000E+00    0.000E+00    0.000E+00
     0.750     0.520    0.423E+00    0.125E+00    0.106E+00    0.211E-02    0.211E-02    0.788E-03    0.788E-03    0.000E+00    0.000E+00    0.000E+00    0.000E+00
     0.750     0.530    0.403E+00    0.116E+00    0.977E-01    0.180E-02    0.180E-02    0.673E-03    0.673E-03    0.000E+00    0.000E+00    0.000E+00    0.000E+00
     0.750     0.540    0.384E+00    0.106E+00    0.897E-01    0.153E-02    0.153E-02    0.574E-03    0.574E-03    0.000E+00    0.000E+00    0.000E+00    0.000E+00
     0.750     0.550    0.366E+00    0.973E-01    0.821E-01    0.130E-02    0.130E-02    0.487E-03    0.487E-03    0.000E+00    0.000E+00    0.000E+00    0.000E+00
     0.750     0.560    0.347E+00    0.889E-01    0.748E-01    0.110E-02    0.110E-02    0.411E-03    0.411E-03    0.000E+00    0.000E+00    0.000E+00    0.000E+00
     0.750     0.570    0.328E+00    0.810E-01    0.679E-01    0.921E-03    0.921E-03    0.346E-03    0.346E-03    0.000E+00    0.000E+00    0.000E+00    0.000E+00
     0.750     0.580    0.310E+00    0.735E-01    0.613E-01    0.770E-03    0.770E-03    0.290E-03    0.290E-03    0.000E+00    0.000E+00    0.000E+00    0.000E+00
     0.750     0.590    0.293E+00    0.664E-01    0.552E-01    0.641E-03    0.641E-03    0.242E-03    0.242E-03    0.000E+00    0.000E+00    0.000E+00    0.000E+00
     0.750     0.600    0.275E+00    0.599E-01    0.494E-01    0.531E-03    0.531E-03    0.201E-03    0.201E-03    0.000E+00    0.000E+00    0.000E+00    0.000E+00
     0.750     0.610    0.258E+00    0.538E-01    0.440E-01    0.438E-03    0.438E-03    0.166E-03    0.166E-03    0.000E+00    0.000E+00    0.000E+00    0.000E+00
     0.750     0.620    0.242E+00    0.481E-01    0.390E-01    0.358E-03    0.358E-03    0.137E-03    0.137E-03    0.000E+00    0.000E+00    0.000E+00    0.000E+00
     0.750     0.630    0.225E+00    0.429E-01    0.344E-01    0.292E-03    0.292E-03    0.112E-03    0.112E-03    0.000E+00    0.000E+00    0.000E+00    0.000E+00
     0.750     0.640    0.210E+00    0.381E-01    0.302E-01    0.237E-03    0.237E-03    0.908E-04    0.908E-04    0.000E+00    0.000E+00    0.000E+00    0.000E+00
     0.750     0.650    0.195E+00    0.337E-01    0.263E-01    0.191E-03    0.191E-03    0.734E-04    0.734E-04    0.000E+00    0.000E+00    0.000E+00    0.000E+00
     0.750     0.660    0.180E+00    0.297E-01    0.228E-01    0.152E-03    0.152E-03    0.590E-04    0.590E-04    0.000E+00    0.000E+00    0.000E+00    0.000E+00
     0.750     0.670    0.166E+00    0.261E-01    0.197E-01    0.121E-03    0.121E-03    0.470E-04    0.470E-04    0.000E+00    0.000E+00    0.000E+00    0.000E+00
     0.750     0.680    0.153E+00    0.228E-01    0.168E-01    0.953E-04    0.953E-04    0.373E-04    0.373E-04    0.000E+00    0.000E+00    0.000E+00    0.000E+00
     0.750     0.690    0.140E+00    0.199E-01    0.143E-01    0.745E-04    0.745E-04    0.293E-04    0.293E-04    0.000E+00    0.000E+00    0.000E+00    0.000E+00
     0.750     0.700    0.127E+00    0.172E-01    0.120E-01    0.578E-04    0.578E-04    0.229E-04    0.229E-04    0.000E+00    0.000E+00    0.000E+00    0.000E+00
     0.750     0.710    0.116E+00    0.149E-01    0.101E-01    0.444E-04    0.444E-04    0.177E-04    0.177E-04    0.000E+00    0.000E+00    0.000E+00    0.000E+00
     0.750     0.720    0.105E+00    0.128E-01    0.835E-02    0.338E-04    0.338E-04    0.136E-04    0.136E-04    0.000E+00    0.000E+00    0.000E+00    0.000E+00
     0.750     0.730    0.942E-01    0.110E-01    0.686E-02    0.254E-04    0.254E-04    0.103E-04    0.103E-04    0.305E-07    0.305E-07    0.000E+00    0.000E+00
     0.750     0.740    0.844E-01    0.937E-02    0.559E-02    0.190E-04    0.190E-04    0.776E-05    0.776E-05    0.127E-07    0.127E-07    0.000E+00    0.000E+00
     0.750     0.750    0.752E-01    0.796E-02    0.450E-02    0.140E-04    0.140E-04    0.577E-05    0.577E-05    0.000E+00    0.000E+00    0.000E+00    0.000E+00
     0.750     0.760    0.666E-01    0.673E-02    0.358E-02    0.101E-04    0.101E-04    0.424E-05    0.424E-05    0.000E+00    0.000E+00    0.000E+00    0.000E+00
     0.750     0.770    0.587E-01    0.566E-02    0.282E-02    0.729E-05    0.729E-05    0.308E-05    0.308E-05    0.000E+00    0.000E+00    0.000E+00    0.000E+00
     0.750     0.780    0.513E-01    0.474E-02    0.219E-02    0.513E-05    0.513E-05    0.220E-05    0.220E-05    0.000E+00    0.000E+00    0.000E+00    0.000E+00
     0.750     0.790    0.445E-01    0.395E-02    0.167E-02    0.359E-05    0.359E-05    0.156E-05    0.156E-05    0.000E+00    0.000E+00    0.000E+00    0.000E+00
     0.750     0.800    0.383E-01    0.327E-02    0.126E-02    0.243E-05    0.243E-05    0.108E-05    0.108E-05    0.000E+00    0.000E+00    0.000E+00    0.000E+00
     0.750     0.810    0.327E-01    0.270E-02    0.930E-03    0.163E-05    0.163E-05    0.736E-06    0.736E-06    0.000E+00    0.000E+00    0.000E+00    0.000E+00
     0.750     0.820    0.277E-01    0.221E-02    0.673E-03    0.107E-05    0.107E-05    0.490E-06    0.490E-06    0.000E+00    0.000E+00    0.000E+00    0.000E+00
     0.750     0.830    0.231E-01    0.179E-02    0.477E-03    0.681E-06    0.681E-06    0.319E-06    0.319E-06    0.000E+00    0.000E+00    0.000E+00    0.000E+00
     0.750     0.840    0.191E-01    0.145E-02    0.329E-03    0.426E-06    0.426E-06    0.204E-06    0.204E-06    0.000E+00    0.000E+00    0.000E+00    0.000E+00
     0.750     0.850    0.156E-01    0.115E-02    0.220E-03    0.253E-06    0.253E-06    0.125E-06    0.125E-06    0.000E+00    0.000E+00    0.000E+00    0.000E+00
     0.750     0.860    0.125E-01    0.911E-03    0.144E-03    0.151E-06    0.151E-06    0.765E-07    0.765E-07    0.000E+00    0.000E+00    0.000E+00    0.000E+00
     0.750     0.870    0.984E-02    0.708E-03    0.887E-04    0.817E-07    0.817E-07    0.431E-07    0.431E-07    0.000E+00    0.000E+00    0.000E+00    0.000E+00
     0.750     0.880    0.759E-02    0.543E-03    0.530E-04    0.445E-07    0.445E-07    0.243E-07    0.243E-07    0.000E+00    0.000E+00    0.000E+00    0.000E+00
     0.750     0.890    0.572E-02    0.407E-03    0.293E-04    0.218E-07    0.218E-07    0.125E-07    0.125E-07    0.000E+00    0.000E+00    0.000E+00    0.000E+00
     0.750     0.900    0.419E-02    0.298E-03    0.150E-04    0.995E-08    0.995E-08    0.604E-08    0.604E-08    0.000E+00    0.000E+00    0.000E+00    0.000E+00
     0.750     0.910    0.296E-02    0.212E-03    0.705E-05    0.452E-08    0.452E-08    0.282E-08    0.282E-08    0.000E+00    0.000E+00    0.000E+00    0.000E+00
     0.750     0.920    0.200E-02    0.144E-03    0.254E-05    0.136E-08    0.136E-08    0.884E-09    0.884E-09    0.000E+00    0.000E+00    0.000E+00    0.000E+00
     0.750     0.930    0.128E-02    0.936E-04    0.895E-06    0.655E-09    0.655E-09    0.292E-09    0.292E-09    0.000E+00    0.000E+00    0.000E+00    0.000E+00
     0.750     0.940    0.764E-03    0.564E-04    0.000E+00    0.000E+00    0.000E+00    0.000E+00    0.000E+00    0.000E+00    0.000E+00    0.000E+00    0.000E+00
     0.750     0.950    0.410E-03    0.308E-04    0.000E+00    0.000E+00    0.000E+00    0.000E+00    0.000E+00    0.000E+00    0.000E+00    0.000E+00    0.000E+00
     0.750     0.960    0.175E-03    0.134E-04    0.000E+00    0.000E+00    0.000E+00    0.000E+00    0.000E+00    0.000E+00    0.000E+00    0.000E+00    0.000E+00
     0.750     0.970    0.376E-04    0.296E-05    0.000E+00    0.000E+00    0.000E+00    0.000E+00    0.000E+00    0.000E+00    0.000E+00    0.000E+00    0.000E+00
     0.750     0.980    0.000E+00    0.000E+00    0.603E-07    0.291E-10    0.291E-10    0.150E-10    0.150E-10    0.000E+00    0.000E+00    0.000E+00    0.000E+00
     0.750     0.990    0.000E+00    0.000E+00    0.116E-06    0.581E-10    0.581E-10    0.281E-10    0.281E-10    0.000E+00    0.000E+00    0.000E+00    0.000E+00

