     Q**2          x         u           d           g          ub          db          sb          s          cb          c          bb          b
     0.750     0.010    0.237E+00    0.199E+00    0.000E+00    0.120E+00    0.139E+00    0.429E-02    0.429E-02    0.000E+00    0.000E+00    0.000E+00    0.000E+00
     0.750     0.020    0.303E+00    0.258E+00    0.101E+01    0.116E+00    0.137E+00    0.138E-01    0.138E-01    0.000E+00    0.000E+00    0.000E+00    0.000E+00
     0.750     0.030    0.363E+00    0.307E+00    0.159E+01    0.118E+00    0.138E+00    0.215E-01    0.215E-01    0.000E+00    0.000E+00    0.000E+00    0.000E+00
     0.750     0.040    0.418E+00    0.346E+00    0.188E+01    0.121E+00    0.139E+00    0.275E-01    0.275E-01    0.000E+00    0.000E+00    0.000E+00    0.000E+00
     0.750     0.050    0.466E+00    0.377E+00    0.202E+01    0.122E+00    0.140E+00    0.319E-01    0.319E-01    0.000E+00    0.000E+00    0.000E+00    0.000E+00
     0.750     0.060    0.507E+00    0.402E+00    0.206E+01    0.120E+00    0.141E+00    0.351E-01    0.351E-01    0.000E+00    0.000E+00    0.000E+00    0.000E+00
     0.750     0.070    0.544E+00    0.422E+00    0.203E+01    0.116E+00    0.142E+00    0.373E-01    0.373E-01    0.000E+00    0.000E+00    0.000E+00    0.000E+00
     0.750     0.080    0.576E+00    0.437E+00    0.197E+01    0.111E+00    0.143E+00    0.387E-01    0.387E-01    0.000E+00    0.000E+00    0.000E+00    0.000E+00
     0.750     0.090    0.604E+00    0.449E+00    0.187E+01    0.105E+00    0.143E+00    0.393E-01    0.393E-01    0.000E+00    0.000E+00    0.000E+00    0.000E+00
     0.750     0.100    0.630E+00    0.458E+00    0.176E+01    0.989E-01    0.142E+00    0.394E-01    0.394E-01    0.000E+00    0.000E+00    0.000E+00    0.000E+00
     0.750     0.110    0.653E+00    0.464E+00    0.165E+01    0.926E-01    0.140E+00    0.391E-01    0.391E-01    0.000E+00    0.000E+00    0.000E+00    0.000E+00
     0.750     0.120    0.675E+00    0.467E+00    0.152E+01    0.866E-01    0.137E+00    0.383E-01    0.383E-01    0.000E+00    0.000E+00    0.000E+00    0.000E+00
     0.750     0.130    0.694E+00    0.469E+00    0.140E+01    0.811E-01    0.133E+00    0.373E-01    0.373E-01    0.000E+00    0.000E+00    0.000E+00    0.000E+00
     0.750     0.140    0.712E+00    0.469E+00    0.129E+01    0.760E-01    0.128E+00    0.361E-01    0.361E-01    0.000E+00    0.000E+00    0.000E+00    0.000E+00
     0.750     0.150    0.728E+00    0.467E+00    0.117E+01    0.713E-01    0.122E+00    0.346E-01    0.346E-01    0.000E+00    0.000E+00    0.000E+00    0.000E+00
     0.750     0.160    0.742E+00    0.465E+00    0.106E+01    0.671E-01    0.116E+00    0.331E-01    0.331E-01    0.000E+00    0.000E+00    0.000E+00    0.000E+00
     0.750     0.170    0.755E+00    0.461E+00    0.964E+00    0.632E-01    0.109E+00    0.314E-01    0.314E-01    0.000E+00    0.000E+00    0.000E+00    0.000E+00
     0.750     0.180    0.766E+00    0.457E+00    0.871E+00    0.596E-01    0.103E+00    0.298E-01    0.298E-01    0.000E+00    0.000E+00    0.000E+00    0.000E+00
     0.750     0.190    0.776E+00    0.452E+00    0.785E+00    0.563E-01    0.958E-01    0.280E-01    0.280E-01    0.000E+00    0.000E+00    0.000E+00    0.000E+00
     0.750     0.200    0.784E+00    0.447E+00    0.707E+00    0.532E-01    0.889E-01    0.263E-01    0.263E-01    0.000E+00    0.000E+00    0.000E+00    0.000E+00
     0.750     0.210    0.790E+00    0.441E+00    0.636E+00    0.503E-01    0.822E-01    0.246E-01    0.246E-01    0.000E+00    0.000E+00    0.000E+00    0.000E+00
     0.750     0.220    0.794E+00    0.435E+00    0.572E+00    0.475E-01    0.756E-01    0.230E-01    0.230E-01    0.000E+00    0.000E+00    0.000E+00    0.000E+00
     0.750     0.230    0.797E+00    0.429E+00    0.515E+00    0.449E-01    0.693E-01    0.213E-01    0.213E-01    0.000E+00    0.000E+00    0.000E+00    0.000E+00
     0.750     0.240    0.798E+00    0.422E+00    0.464E+00    0.423E-01    0.632E-01    0.197E-01    0.197E-01    0.000E+00    0.000E+00    0.000E+00    0.000E+00
     0.750     0.250    0.798E+00    0.414E+00    0.418E+00    0.398E-01    0.575E-01    0.182E-01    0.182E-01    0.000E+00    0.000E+00    0.000E+00    0.000E+00
     0.750     0.260    0.796E+00    0.407E+00    0.379E+00    0.373E-01    0.522E-01    0.168E-01    0.168E-01    0.000E+00    0.000E+00    0.000E+00    0.000E+00
     0.750     0.270    0.793E+00    0.399E+00    0.344E+00    0.349E-01    0.472E-01    0.154E-01    0.154E-01    0.000E+00    0.000E+00    0.000E+00    0.000E+00
     0.750     0.280    0.788E+00    0.390E+00    0.314E+00    0.326E-01    0.426E-01    0.141E-01    0.141E-01    0.000E+00    0.000E+00    0.000E+00    0.000E+00
     0.750     0.290    0.782E+00    0.381E+00    0.288E+00    0.303E-01    0.384E-01    0.129E-01    0.129E-01    0.000E+00    0.000E+00    0.000E+00    0.000E+00
     0.750     0.300    0.775E+00    0.372E+00    0.265E+00    0.281E-01    0.345E-01    0.117E-01    0.117E-01    0.000E+00    0.000E+00    0.000E+00    0.000E+00
     0.750     0.310    0.766E+00    0.363E+00    0.246E+00    0.259E-01    0.309E-01    0.106E-01    0.106E-01    0.000E+00    0.000E+00    0.000E+00    0.000E+00
     0.750     0.320    0.756E+00    0.353E+00    0.229E+00    0.238E-01    0.277E-01    0.963E-02    0.963E-02    0.000E+00    0.000E+00    0.000E+00    0.000E+00
     0.750     0.330    0.746E+00    0.342E+00    0.215E+00    0.218E-01    0.248E-01    0.869E-02    0.869E-02    0.000E+00    0.000E+00    0.000E+00    0.000E+00
     0.750     0.340    0.734E+00    0.332E+00    0.204E+00    0.199E-01    0.221E-01    0.783E-02    0.783E-02    0.000E+00    0.000E+00    0.000E+00    0.000E+00
     0.750     0.350    0.721E+00    0.321E+00    0.194E+00    0.180E-01    0.198E-01    0.703E-02    0.703E-02    0.000E+00    0.000E+00    0.000E+00    0.000E+00
     0.750     0.360    0.707E+00    0.309E+00    0.185E+00    0.163E-01    0.176E-01    0.629E-02    0.629E-02    0.000E+00    0.000E+00    0.000E+00    0.000E+00
     0.750     0.370    0.693E+00    0.298E+00    0.178E+00    0.147E-01    0.156E-01    0.562E-02    0.562E-02    0.000E+00    0.000E+00    0.000E+00    0.000E+00
     0.750     0.380    0.678E+00    0.286E+00    0.172E+00    0.132E-01    0.139E-01    0.500E-02    0.500E-02    0.000E+00    0.000E+00    0.000E+00    0.000E+00
     0.750     0.390    0.662E+00    0.274E+00    0.166E+00    0.118E-01    0.123E-01    0.444E-02    0.444E-02    0.000E+00    0.000E+00    0.000E+00    0.000E+00
     0.750     0.400    0.646E+00    0.262E+00    0.161E+00    0.105E-01    0.109E-01    0.393E-02    0.393E-02    0.000E+00    0.000E+00    0.000E+00    0.000E+00
     0.750     0.410    0.629E+00    0.250E+00    0.157E+00    0.937E-02    0.960E-02    0.347E-02    0.347E-02    0.000E+00    0.000E+00    0.000E+00    0.000E+00
     0.750     0.420    0.611E+00    0.238E+00    0.153E+00    0.830E-02    0.846E-02    0.306E-02    0.306E-02    0.000E+00    0.000E+00    0.000E+00    0.000E+00
     0.750     0.430    0.593E+00    0.226E+00    0.150E+00    0.732E-02    0.743E-02    0.268E-02    0.268E-02    0.000E+00    0.000E+00    0.000E+00    0.000E+00
     0.750     0.440    0.575E+00    0.214E+00    0.146E+00    0.644E-02    0.651E-02    0.234E-02    0.234E-02    0.000E+00    0.000E+00    0.000E+00    0.000E+00
     0.750     0.450    0.557E+00    0.202E+00    0.142E+00    0.564E-02    0.569E-02    0.204E-02    0.204E-02    0.000E+00    0.000E+00    0.000E+00    0.000E+00
     0.750     0.460    0.538E+00    0.190E+00    0.139E+00    0.493E-02    0.496E-02    0.178E-02    0.178E-02    0.000E+00    0.000E+00    0.000E+00    0.000E+00
     0.750     0.470    0.519E+00    0.178E+00    0.135E+00    0.429E-02    0.431E-02    0.154E-02    0.154E-02    0.000E+00    0.000E+00    0.000E+00    0.000E+00
     0.750     0.480    0.500E+00    0.167E+00    0.131E+00    0.372E-02    0.373E-02    0.133E-02    0.133E-02    0.000E+00    0.000E+00    0.000E+00    0.000E+00
     0.750     0.490    0.480E+00    0.156E+00    0.127E+00    0.322E-02    0.322E-02    0.114E-02    0.114E-02    0.000E+00    0.000E+00    0.000E+00    0.000E+00
     0.750     0.500    0.461E+00    0.145E+00    0.123E+00    0.277E-02    0.278E-02    0.980E-03    0.980E-03    0.000E+00    0.000E+00    0.000E+00    0.000E+00
     0.750     0.510    0.442E+00    0.135E+00    0.119E+00    0.238E-02    0.238E-02    0.837E-03    0.837E-03    0.000E+00    0.000E+00    0.000E+00    0.000E+00
     0.750     0.520    0.423E+00    0.125E+00    0.115E+00    0.203E-02    0.203E-02    0.712E-03    0.712E-03    0.000E+00    0.000E+00    0.000E+00    0.000E+00
     0.750     0.530    0.403E+00    0.115E+00    0.110E+00    0.173E-02    0.173E-02    0.604E-03    0.604E-03    0.000E+00    0.000E+00    0.000E+00    0.000E+00
     0.750     0.540    0.384E+00    0.106E+00    0.105E+00    0.147E-02    0.147E-02    0.510E-03    0.510E-03    0.000E+00    0.000E+00    0.000E+00    0.000E+00
     0.750     0.550    0.365E+00    0.969E-01    0.100E+00    0.124E-02    0.124E-02    0.429E-03    0.429E-03    0.000E+00    0.000E+00    0.000E+00    0.000E+00
     0.750     0.560    0.347E+00    0.886E-01    0.952E-01    0.104E-02    0.104E-02    0.359E-03    0.359E-03    0.000E+00    0.000E+00    0.000E+00    0.000E+00
     0.750     0.570    0.328E+00    0.807E-01    0.901E-01    0.873E-03    0.873E-03    0.299E-03    0.299E-03    0.000E+00    0.000E+00    0.000E+00    0.000E+00
     0.750     0.580    0.310E+00    0.733E-01    0.850E-01    0.728E-03    0.728E-03    0.249E-03    0.249E-03    0.000E+00    0.000E+00    0.000E+00    0.000E+00
     0.750     0.590    0.292E+00    0.663E-01    0.798E-01    0.604E-03    0.604E-03    0.206E-03    0.206E-03    0.000E+00    0.000E+00    0.000E+00    0.000E+00
     0.750     0.600    0.275E+00    0.598E-01    0.747E-01    0.499E-03    0.499E-03    0.169E-03    0.169E-03    0.000E+00    0.000E+00    0.000E+00    0.000E+00
     0.750     0.610    0.258E+00    0.537E-01    0.696E-01    0.410E-03    0.410E-03    0.139E-03    0.139E-03    0.000E+00    0.000E+00    0.000E+00    0.000E+00
     0.750     0.620    0.241E+00    0.481E-01    0.645E-01    0.335E-03    0.335E-03    0.113E-03    0.113E-03    0.000E+00    0.000E+00    0.000E+00    0.000E+00
     0.750     0.630    0.225E+00    0.429E-01    0.596E-01    0.272E-03    0.272E-03    0.919E-04    0.919E-04    0.000E+00    0.000E+00    0.000E+00    0.000E+00
     0.750     0.640    0.210E+00    0.381E-01    0.547E-01    0.220E-03    0.220E-03    0.743E-04    0.743E-04    0.000E+00    0.000E+00    0.000E+00    0.000E+00
     0.750     0.650    0.195E+00    0.338E-01    0.500E-01    0.177E-03    0.177E-03    0.598E-04    0.598E-04    0.000E+00    0.000E+00    0.000E+00    0.000E+00
     0.750     0.660    0.180E+00    0.298E-01    0.455E-01    0.141E-03    0.141E-03    0.479E-04    0.479E-04    0.000E+00    0.000E+00    0.000E+00    0.000E+00
     0.750     0.670    0.166E+00    0.262E-01    0.412E-01    0.112E-03    0.112E-03    0.382E-04    0.382E-04    0.000E+00    0.000E+00    0.000E+00    0.000E+00
     0.750     0.680    0.153E+00    0.229E-01    0.370E-01    0.884E-04    0.884E-04    0.304E-04    0.304E-04    0.000E+00    0.000E+00    0.000E+00    0.000E+00
     0.750     0.690    0.140E+00    0.200E-01    0.331E-01    0.691E-04    0.691E-04    0.240E-04    0.240E-04    0.000E+00    0.000E+00    0.000E+00    0.000E+00
     0.750     0.700    0.127E+00    0.174E-01    0.294E-01    0.538E-04    0.538E-04    0.189E-04    0.189E-04    0.000E+00    0.000E+00    0.000E+00    0.000E+00
     0.750     0.710    0.116E+00    0.150E-01    0.260E-01    0.415E-04    0.415E-04    0.148E-04    0.148E-04    0.000E+00    0.000E+00    0.000E+00    0.000E+00
     0.750     0.720    0.105E+00    0.129E-01    0.228E-01    0.318E-04    0.318E-04    0.116E-04    0.116E-04    0.000E+00    0.000E+00    0.000E+00    0.000E+00
     0.750     0.730    0.942E-01    0.111E-01    0.199E-01    0.242E-04    0.242E-04    0.905E-05    0.905E-05    0.000E+00    0.000E+00    0.000E+00    0.000E+00
     0.750     0.740    0.844E-01    0.946E-02    0.172E-01    0.182E-04    0.182E-04    0.704E-05    0.704E-05    0.000E+00    0.000E+00    0.000E+00    0.000E+00
     0.750     0.750    0.752E-01    0.804E-02    0.147E-01    0.136E-04    0.136E-04    0.545E-05    0.545E-05    0.000E+00    0.000E+00    0.000E+00    0.000E+00
     0.750     0.760    0.666E-01    0.680E-02    0.125E-01    0.101E-04    0.101E-04    0.421E-05    0.421E-05    0.225E-09    0.225E-09    0.000E+00    0.000E+00
     0.750     0.770    0.587E-01    0.573E-02    0.105E-01    0.745E-05    0.745E-05    0.325E-05    0.325E-05    0.102E-07    0.102E-07    0.000E+00    0.000E+00
     0.750     0.780    0.513E-01    0.480E-02    0.874E-02    0.542E-05    0.542E-05    0.249E-05    0.249E-05    0.154E-07    0.154E-07    0.000E+00    0.000E+00
     0.750     0.790    0.445E-01    0.401E-02    0.719E-02    0.393E-05    0.393E-05    0.191E-05    0.191E-05    0.000E+00    0.000E+00    0.000E+00    0.000E+00
     0.750     0.800    0.383E-01    0.332E-02    0.585E-02    0.280E-05    0.280E-05    0.145E-05    0.145E-05    0.000E+00    0.000E+00    0.000E+00    0.000E+00
     0.750     0.810    0.327E-01    0.274E-02    0.469E-02    0.199E-05    0.199E-05    0.109E-05    0.109E-05    0.000E+00    0.000E+00    0.000E+00    0.000E+00
     0.750     0.820    0.277E-01    0.224E-02    0.371E-02    0.139E-05    0.139E-05    0.817E-06    0.817E-06    0.000E+00    0.000E+00    0.000E+00    0.000E+00
     0.750     0.830    0.231E-01    0.182E-02    0.289E-02    0.967E-06    0.967E-06    0.599E-06    0.599E-06    0.000E+00    0.000E+00    0.000E+00    0.000E+00
     0.750     0.840    0.191E-01    0.147E-02    0.220E-02    0.665E-06    0.665E-06    0.415E-06    0.415E-06    0.000E+00    0.000E+00    0.000E+00    0.000E+00
     0.750     0.850    0.156E-01    0.117E-02    0.165E-02    0.448E-06    0.448E-06    0.253E-06    0.253E-06    0.000E+00    0.000E+00    0.000E+00    0.000E+00
     0.750     0.860    0.125E-01    0.926E-03    0.121E-02    0.298E-06    0.298E-06    0.131E-06    0.131E-06    0.000E+00    0.000E+00    0.000E+00    0.000E+00
     0.750     0.870    0.984E-02    0.720E-03    0.857E-03    0.176E-06    0.176E-06    0.668E-07    0.668E-07    0.000E+00    0.000E+00    0.000E+00    0.000E+00
     0.750     0.880    0.760E-02    0.552E-03    0.592E-03    0.911E-07    0.911E-07    0.347E-07    0.347E-07    0.000E+00    0.000E+00    0.000E+00    0.000E+00
     0.750     0.890    0.572E-02    0.414E-03    0.393E-03    0.415E-07    0.415E-07    0.157E-07    0.157E-07    0.000E+00    0.000E+00    0.000E+00    0.000E+00
     0.750     0.900    0.419E-02    0.303E-03    0.250E-03    0.175E-07    0.175E-07    0.641E-08    0.641E-08    0.000E+00    0.000E+00    0.000E+00    0.000E+00
     0.750     0.910    0.296E-02    0.215E-03    0.151E-03    0.670E-08    0.670E-08    0.268E-08    0.268E-08    0.000E+00    0.000E+00    0.000E+00    0.000E+00
     0.750     0.920    0.200E-02    0.146E-03    0.850E-04    0.124E-08    0.124E-08    0.497E-09    0.497E-09    0.000E+00    0.000E+00    0.000E+00    0.000E+00
     0.750     0.930    0.128E-02    0.950E-04    0.449E-04    0.724E-09    0.724E-09    0.290E-09    0.290E-09    0.000E+00    0.000E+00    0.000E+00    0.000E+00
     0.750     0.940    0.764E-03    0.572E-04    0.199E-04    0.000E+00    0.000E+00    0.000E+00    0.000E+00    0.000E+00    0.000E+00    0.000E+00    0.000E+00
     0.750     0.950    0.410E-03    0.312E-04    0.796E-05    0.000E+00    0.000E+00    0.000E+00    0.000E+00    0.000E+00    0.000E+00    0.000E+00    0.000E+00
     0.750     0.960    0.175E-03    0.136E-04    0.195E-05    0.000E+00    0.000E+00    0.000E+00    0.000E+00    0.000E+00    0.000E+00    0.000E+00    0.000E+00
     0.750     0.970    0.376E-04    0.300E-05    0.000E+00    0.000E+00    0.000E+00    0.000E+00    0.000E+00    0.000E+00    0.000E+00    0.000E+00    0.000E+00
     0.750     0.980    0.000E+00    0.000E+00    0.467E-06    0.375E-10    0.375E-10    0.150E-10    0.150E-10    0.000E+00    0.000E+00    0.000E+00    0.000E+00
     0.750     0.990    0.000E+00    0.000E+00    0.130E-05    0.704E-10    0.704E-10    0.282E-10    0.282E-10    0.000E+00    0.000E+00    0.000E+00    0.000E+00

