     Q**2          x         u           d           g          ub          db          sb          s          cb          c          bb          b
     0.750     0.010    0.239E+00    0.201E+00    0.000E+00    0.122E+00    0.140E+00    0.627E-02    0.627E-02    0.000E+00    0.000E+00    0.000E+00    0.000E+00
     0.750     0.020    0.303E+00    0.259E+00    0.920E+00    0.117E+00    0.138E+00    0.151E-01    0.151E-01    0.000E+00    0.000E+00    0.000E+00    0.000E+00
     0.750     0.030    0.364E+00    0.308E+00    0.150E+01    0.119E+00    0.138E+00    0.225E-01    0.225E-01    0.000E+00    0.000E+00    0.000E+00    0.000E+00
     0.750     0.040    0.418E+00    0.347E+00    0.177E+01    0.122E+00    0.139E+00    0.282E-01    0.282E-01    0.000E+00    0.000E+00    0.000E+00    0.000E+00
     0.750     0.050    0.466E+00    0.378E+00    0.191E+01    0.122E+00    0.140E+00    0.325E-01    0.325E-01    0.000E+00    0.000E+00    0.000E+00    0.000E+00
     0.750     0.060    0.507E+00    0.402E+00    0.193E+01    0.121E+00    0.141E+00    0.355E-01    0.355E-01    0.000E+00    0.000E+00    0.000E+00    0.000E+00
     0.750     0.070    0.544E+00    0.422E+00    0.191E+01    0.117E+00    0.142E+00    0.375E-01    0.375E-01    0.000E+00    0.000E+00    0.000E+00    0.000E+00
     0.750     0.080    0.576E+00    0.437E+00    0.184E+01    0.111E+00    0.142E+00    0.386E-01    0.386E-01    0.000E+00    0.000E+00    0.000E+00    0.000E+00
     0.750     0.090    0.604E+00    0.448E+00    0.175E+01    0.105E+00    0.142E+00    0.391E-01    0.391E-01    0.000E+00    0.000E+00    0.000E+00    0.000E+00
     0.750     0.100    0.630E+00    0.457E+00    0.164E+01    0.985E-01    0.141E+00    0.391E-01    0.391E-01    0.000E+00    0.000E+00    0.000E+00    0.000E+00
     0.750     0.110    0.653E+00    0.462E+00    0.154E+01    0.922E-01    0.139E+00    0.386E-01    0.386E-01    0.000E+00    0.000E+00    0.000E+00    0.000E+00
     0.750     0.120    0.674E+00    0.466E+00    0.143E+01    0.860E-01    0.136E+00    0.378E-01    0.378E-01    0.000E+00    0.000E+00    0.000E+00    0.000E+00
     0.750     0.130    0.694E+00    0.467E+00    0.132E+01    0.803E-01    0.132E+00    0.367E-01    0.367E-01    0.000E+00    0.000E+00    0.000E+00    0.000E+00
     0.750     0.140    0.711E+00    0.467E+00    0.121E+01    0.751E-01    0.127E+00    0.354E-01    0.354E-01    0.000E+00    0.000E+00    0.000E+00    0.000E+00
     0.750     0.150    0.728E+00    0.466E+00    0.112E+01    0.704E-01    0.122E+00    0.339E-01    0.339E-01    0.000E+00    0.000E+00    0.000E+00    0.000E+00
     0.750     0.160    0.742E+00    0.463E+00    0.103E+01    0.661E-01    0.116E+00    0.324E-01    0.324E-01    0.000E+00    0.000E+00    0.000E+00    0.000E+00
     0.750     0.170    0.755E+00    0.460E+00    0.942E+00    0.622E-01    0.109E+00    0.307E-01    0.307E-01    0.000E+00    0.000E+00    0.000E+00    0.000E+00
     0.750     0.180    0.766E+00    0.456E+00    0.866E+00    0.586E-01    0.102E+00    0.291E-01    0.291E-01    0.000E+00    0.000E+00    0.000E+00    0.000E+00
     0.750     0.190    0.776E+00    0.451E+00    0.796E+00    0.553E-01    0.955E-01    0.274E-01    0.274E-01    0.000E+00    0.000E+00    0.000E+00    0.000E+00
     0.750     0.200    0.783E+00    0.446E+00    0.733E+00    0.522E-01    0.886E-01    0.257E-01    0.257E-01    0.000E+00    0.000E+00    0.000E+00    0.000E+00
     0.750     0.210    0.790E+00    0.440E+00    0.677E+00    0.493E-01    0.819E-01    0.240E-01    0.240E-01    0.000E+00    0.000E+00    0.000E+00    0.000E+00
     0.750     0.220    0.794E+00    0.434E+00    0.626E+00    0.466E-01    0.754E-01    0.224E-01    0.224E-01    0.000E+00    0.000E+00    0.000E+00    0.000E+00
     0.750     0.230    0.797E+00    0.428E+00    0.581E+00    0.440E-01    0.691E-01    0.208E-01    0.208E-01    0.000E+00    0.000E+00    0.000E+00    0.000E+00
     0.750     0.240    0.798E+00    0.421E+00    0.541E+00    0.415E-01    0.631E-01    0.193E-01    0.193E-01    0.000E+00    0.000E+00    0.000E+00    0.000E+00
     0.750     0.250    0.798E+00    0.414E+00    0.505E+00    0.390E-01    0.574E-01    0.178E-01    0.178E-01    0.000E+00    0.000E+00    0.000E+00    0.000E+00
     0.750     0.260    0.796E+00    0.406E+00    0.472E+00    0.367E-01    0.521E-01    0.164E-01    0.164E-01    0.000E+00    0.000E+00    0.000E+00    0.000E+00
     0.750     0.270    0.793E+00    0.398E+00    0.444E+00    0.343E-01    0.471E-01    0.151E-01    0.151E-01    0.000E+00    0.000E+00    0.000E+00    0.000E+00
     0.750     0.280    0.789E+00    0.390E+00    0.418E+00    0.321E-01    0.426E-01    0.138E-01    0.138E-01    0.000E+00    0.000E+00    0.000E+00    0.000E+00
     0.750     0.290    0.783E+00    0.381E+00    0.395E+00    0.299E-01    0.383E-01    0.126E-01    0.126E-01    0.000E+00    0.000E+00    0.000E+00    0.000E+00
     0.750     0.300    0.775E+00    0.372E+00    0.374E+00    0.277E-01    0.345E-01    0.115E-01    0.115E-01    0.000E+00    0.000E+00    0.000E+00    0.000E+00
     0.750     0.310    0.767E+00    0.363E+00    0.355E+00    0.256E-01    0.309E-01    0.105E-01    0.105E-01    0.000E+00    0.000E+00    0.000E+00    0.000E+00
     0.750     0.320    0.757E+00    0.353E+00    0.337E+00    0.236E-01    0.277E-01    0.952E-02    0.952E-02    0.000E+00    0.000E+00    0.000E+00    0.000E+00
     0.750     0.330    0.746E+00    0.343E+00    0.321E+00    0.216E-01    0.248E-01    0.862E-02    0.862E-02    0.000E+00    0.000E+00    0.000E+00    0.000E+00
     0.750     0.340    0.735E+00    0.332E+00    0.306E+00    0.197E-01    0.222E-01    0.778E-02    0.778E-02    0.000E+00    0.000E+00    0.000E+00    0.000E+00
     0.750     0.350    0.722E+00    0.321E+00    0.291E+00    0.180E-01    0.198E-01    0.701E-02    0.701E-02    0.000E+00    0.000E+00    0.000E+00    0.000E+00
     0.750     0.360    0.708E+00    0.310E+00    0.278E+00    0.163E-01    0.177E-01    0.630E-02    0.630E-02    0.000E+00    0.000E+00    0.000E+00    0.000E+00
     0.750     0.370    0.694E+00    0.299E+00    0.265E+00    0.147E-01    0.157E-01    0.565E-02    0.565E-02    0.000E+00    0.000E+00    0.000E+00    0.000E+00
     0.750     0.380    0.679E+00    0.287E+00    0.253E+00    0.132E-01    0.140E-01    0.505E-02    0.505E-02    0.000E+00    0.000E+00    0.000E+00    0.000E+00
     0.750     0.390    0.663E+00    0.275E+00    0.241E+00    0.119E-01    0.124E-01    0.450E-02    0.450E-02    0.000E+00    0.000E+00    0.000E+00    0.000E+00
     0.750     0.400    0.646E+00    0.263E+00    0.229E+00    0.106E-01    0.110E-01    0.401E-02    0.401E-02    0.000E+00    0.000E+00    0.000E+00    0.000E+00
     0.750     0.410    0.629E+00    0.251E+00    0.218E+00    0.945E-02    0.970E-02    0.356E-02    0.356E-02    0.000E+00    0.000E+00    0.000E+00    0.000E+00
     0.750     0.420    0.612E+00    0.239E+00    0.206E+00    0.838E-02    0.856E-02    0.315E-02    0.315E-02    0.000E+00    0.000E+00    0.000E+00    0.000E+00
     0.750     0.430    0.594E+00    0.226E+00    0.195E+00    0.741E-02    0.754E-02    0.278E-02    0.278E-02    0.000E+00    0.000E+00    0.000E+00    0.000E+00
     0.750     0.440    0.576E+00    0.214E+00    0.185E+00    0.654E-02    0.662E-02    0.244E-02    0.244E-02    0.000E+00    0.000E+00    0.000E+00    0.000E+00
     0.750     0.450    0.557E+00    0.202E+00    0.174E+00    0.574E-02    0.580E-02    0.214E-02    0.214E-02    0.000E+00    0.000E+00    0.000E+00    0.000E+00
     0.750     0.460    0.538E+00    0.190E+00    0.164E+00    0.503E-02    0.507E-02    0.188E-02    0.188E-02    0.000E+00    0.000E+00    0.000E+00    0.000E+00
     0.750     0.470    0.519E+00    0.179E+00    0.154E+00    0.439E-02    0.441E-02    0.164E-02    0.164E-02    0.000E+00    0.000E+00    0.000E+00    0.000E+00
     0.750     0.480    0.500E+00    0.167E+00    0.144E+00    0.382E-02    0.383E-02    0.142E-02    0.142E-02    0.000E+00    0.000E+00    0.000E+00    0.000E+00
     0.750     0.490    0.481E+00    0.156E+00    0.134E+00    0.331E-02    0.332E-02    0.123E-02    0.123E-02    0.000E+00    0.000E+00    0.000E+00    0.000E+00
     0.750     0.500    0.461E+00    0.146E+00    0.125E+00    0.286E-02    0.286E-02    0.107E-02    0.107E-02    0.000E+00    0.000E+00    0.000E+00    0.000E+00
     0.750     0.510    0.442E+00    0.135E+00    0.115E+00    0.246E-02    0.246E-02    0.918E-03    0.918E-03    0.000E+00    0.000E+00    0.000E+00    0.000E+00
     0.750     0.520    0.423E+00    0.125E+00    0.107E+00    0.211E-02    0.211E-02    0.788E-03    0.788E-03    0.000E+00    0.000E+00    0.000E+00    0.000E+00
     0.750     0.530    0.403E+00    0.115E+00    0.982E-01    0.180E-02    0.180E-02    0.674E-03    0.674E-03    0.000E+00    0.000E+00    0.000E+00    0.000E+00
     0.750     0.540    0.384E+00    0.106E+00    0.901E-01    0.153E-02    0.153E-02    0.574E-03    0.574E-03    0.000E+00    0.000E+00    0.000E+00    0.000E+00
     0.750     0.550    0.365E+00    0.973E-01    0.823E-01    0.130E-02    0.130E-02    0.487E-03    0.487E-03    0.000E+00    0.000E+00    0.000E+00    0.000E+00
     0.750     0.560    0.347E+00    0.890E-01    0.749E-01    0.110E-02    0.110E-02    0.412E-03    0.412E-03    0.000E+00    0.000E+00    0.000E+00    0.000E+00
     0.750     0.570    0.328E+00    0.811E-01    0.679E-01    0.921E-03    0.922E-03    0.347E-03    0.347E-03    0.000E+00    0.000E+00    0.000E+00    0.000E+00
     0.750     0.580    0.310E+00    0.737E-01    0.613E-01    0.771E-03    0.771E-03    0.291E-03    0.291E-03    0.000E+00    0.000E+00    0.000E+00    0.000E+00
     0.750     0.590    0.292E+00    0.667E-01    0.550E-01    0.642E-03    0.642E-03    0.243E-03    0.243E-03    0.000E+00    0.000E+00    0.000E+00    0.000E+00
     0.750     0.600    0.275E+00    0.602E-01    0.492E-01    0.531E-03    0.531E-03    0.201E-03    0.201E-03    0.000E+00    0.000E+00    0.000E+00    0.000E+00
     0.750     0.610    0.258E+00    0.541E-01    0.438E-01    0.438E-03    0.438E-03    0.166E-03    0.166E-03    0.000E+00    0.000E+00    0.000E+00    0.000E+00
     0.750     0.620    0.241E+00    0.485E-01    0.388E-01    0.359E-03    0.359E-03    0.137E-03    0.137E-03    0.000E+00    0.000E+00    0.000E+00    0.000E+00
     0.750     0.630    0.225E+00    0.433E-01    0.342E-01    0.293E-03    0.293E-03    0.112E-03    0.112E-03    0.000E+00    0.000E+00    0.000E+00    0.000E+00
     0.750     0.640    0.209E+00    0.386E-01    0.300E-01    0.237E-03    0.237E-03    0.910E-04    0.910E-04    0.000E+00    0.000E+00    0.000E+00    0.000E+00
     0.750     0.650    0.194E+00    0.342E-01    0.261E-01    0.191E-03    0.191E-03    0.736E-04    0.736E-04    0.000E+00    0.000E+00    0.000E+00    0.000E+00
     0.750     0.660    0.180E+00    0.302E-01    0.226E-01    0.153E-03    0.153E-03    0.591E-04    0.591E-04    0.000E+00    0.000E+00    0.000E+00    0.000E+00
     0.750     0.670    0.166E+00    0.266E-01    0.194E-01    0.121E-03    0.121E-03    0.472E-04    0.472E-04    0.000E+00    0.000E+00    0.000E+00    0.000E+00
     0.750     0.680    0.152E+00    0.233E-01    0.166E-01    0.955E-04    0.955E-04    0.374E-04    0.374E-04    0.000E+00    0.000E+00    0.000E+00    0.000E+00
     0.750     0.690    0.139E+00    0.204E-01    0.141E-01    0.746E-04    0.746E-04    0.294E-04    0.294E-04    0.000E+00    0.000E+00    0.000E+00    0.000E+00
     0.750     0.700    0.127E+00    0.177E-01    0.119E-01    0.579E-04    0.579E-04    0.230E-04    0.230E-04    0.000E+00    0.000E+00    0.000E+00    0.000E+00
     0.750     0.710    0.115E+00    0.154E-01    0.993E-02    0.445E-04    0.445E-04    0.177E-04    0.177E-04    0.000E+00    0.000E+00    0.000E+00    0.000E+00
     0.750     0.720    0.104E+00    0.133E-01    0.823E-02    0.339E-04    0.339E-04    0.136E-04    0.136E-04    0.000E+00    0.000E+00    0.000E+00    0.000E+00
     0.750     0.730    0.938E-01    0.114E-01    0.676E-02    0.255E-04    0.255E-04    0.103E-04    0.103E-04    0.294E-07    0.294E-07    0.000E+00    0.000E+00
     0.750     0.740    0.840E-01    0.980E-02    0.549E-02    0.190E-04    0.190E-04    0.778E-05    0.778E-05    0.122E-07    0.122E-07    0.000E+00    0.000E+00
     0.750     0.750    0.748E-01    0.836E-02    0.442E-02    0.140E-04    0.140E-04    0.578E-05    0.578E-05    0.000E+00    0.000E+00    0.000E+00    0.000E+00
     0.750     0.760    0.663E-01    0.710E-02    0.352E-02    0.102E-04    0.102E-04    0.425E-05    0.425E-05    0.000E+00    0.000E+00    0.000E+00    0.000E+00
     0.750     0.770    0.583E-01    0.601E-02    0.276E-02    0.730E-05    0.730E-05    0.309E-05    0.309E-05    0.000E+00    0.000E+00    0.000E+00    0.000E+00
     0.750     0.780    0.510E-01    0.506E-02    0.214E-02    0.514E-05    0.514E-05    0.220E-05    0.220E-05    0.000E+00    0.000E+00    0.000E+00    0.000E+00
     0.750     0.790    0.443E-01    0.424E-02    0.164E-02    0.359E-05    0.359E-05    0.156E-05    0.156E-05    0.000E+00    0.000E+00    0.000E+00    0.000E+00
     0.750     0.800    0.381E-01    0.353E-02    0.123E-02    0.244E-05    0.244E-05    0.108E-05    0.108E-05    0.000E+00    0.000E+00    0.000E+00    0.000E+00
     0.750     0.810    0.325E-01    0.293E-02    0.910E-03    0.164E-05    0.164E-05    0.735E-06    0.735E-06    0.000E+00    0.000E+00    0.000E+00    0.000E+00
     0.750     0.820    0.275E-01    0.241E-02    0.658E-03    0.107E-05    0.107E-05    0.489E-06    0.489E-06    0.000E+00    0.000E+00    0.000E+00    0.000E+00
     0.750     0.830    0.229E-01    0.197E-02    0.466E-03    0.681E-06    0.681E-06    0.319E-06    0.319E-06    0.000E+00    0.000E+00    0.000E+00    0.000E+00
     0.750     0.840    0.189E-01    0.160E-02    0.322E-03    0.426E-06    0.426E-06    0.204E-06    0.204E-06    0.000E+00    0.000E+00    0.000E+00    0.000E+00
     0.750     0.850    0.154E-01    0.128E-02    0.215E-03    0.253E-06    0.253E-06    0.125E-06    0.125E-06    0.000E+00    0.000E+00    0.000E+00    0.000E+00
     0.750     0.860    0.124E-01    0.102E-02    0.140E-03    0.151E-06    0.151E-06    0.762E-07    0.762E-07    0.000E+00    0.000E+00    0.000E+00    0.000E+00
     0.750     0.870    0.974E-02    0.793E-03    0.863E-04    0.817E-07    0.817E-07    0.428E-07    0.428E-07    0.000E+00    0.000E+00    0.000E+00    0.000E+00
     0.750     0.880    0.751E-02    0.610E-03    0.515E-04    0.445E-07    0.445E-07    0.241E-07    0.241E-07    0.000E+00    0.000E+00    0.000E+00    0.000E+00
     0.750     0.890    0.566E-02    0.459E-03    0.284E-04    0.218E-07    0.218E-07    0.124E-07    0.124E-07    0.000E+00    0.000E+00    0.000E+00    0.000E+00
     0.750     0.900    0.414E-02    0.337E-03    0.145E-04    0.992E-08    0.992E-08    0.599E-08    0.599E-08    0.000E+00    0.000E+00    0.000E+00    0.000E+00
     0.750     0.910    0.292E-02    0.239E-03    0.680E-05    0.450E-08    0.450E-08    0.279E-08    0.279E-08    0.000E+00    0.000E+00    0.000E+00    0.000E+00
     0.750     0.920    0.197E-02    0.163E-03    0.243E-05    0.135E-08    0.135E-08    0.877E-09    0.877E-09    0.000E+00    0.000E+00    0.000E+00    0.000E+00
     0.750     0.930    0.126E-02    0.106E-03    0.846E-06    0.651E-09    0.651E-09    0.295E-09    0.295E-09    0.000E+00    0.000E+00    0.000E+00    0.000E+00
     0.750     0.940    0.752E-03    0.640E-04    0.000E+00    0.000E+00    0.000E+00    0.000E+00    0.000E+00    0.000E+00    0.000E+00    0.000E+00    0.000E+00
     0.750     0.950    0.403E-03    0.349E-04    0.000E+00    0.000E+00    0.000E+00    0.000E+00    0.000E+00    0.000E+00    0.000E+00    0.000E+00    0.000E+00
     0.750     0.960    0.171E-03    0.152E-04    0.000E+00    0.000E+00    0.000E+00    0.000E+00    0.000E+00    0.000E+00    0.000E+00    0.000E+00    0.000E+00
     0.750     0.970    0.367E-04    0.335E-05    0.000E+00    0.000E+00    0.000E+00    0.000E+00    0.000E+00    0.000E+00    0.000E+00    0.000E+00    0.000E+00
     0.750     0.980    0.000E+00    0.000E+00    0.587E-07    0.290E-10    0.290E-10    0.151E-10    0.151E-10    0.000E+00    0.000E+00    0.000E+00    0.000E+00
     0.750     0.990    0.000E+00    0.000E+00    0.113E-06    0.578E-10    0.578E-10    0.283E-10    0.283E-10    0.000E+00    0.000E+00    0.000E+00    0.000E+00

