     Q**2          x         u           d           g          ub          db          sb          s          cb          c          bb          b
     0.750     0.010    0.320E+00    0.292E+00    0.000E+00    0.194E+00    0.215E+00    0.555E-01    0.555E-01    0.000E+00    0.000E+00    0.000E+00    0.000E+00
     0.750     0.020    0.338E+00    0.312E+00    0.361E+00    0.165E+00    0.186E+00    0.477E-01    0.477E-01    0.000E+00    0.000E+00    0.000E+00    0.000E+00
     0.750     0.030    0.363E+00    0.330E+00    0.708E+00    0.150E+00    0.166E+00    0.433E-01    0.433E-01    0.000E+00    0.000E+00    0.000E+00    0.000E+00
     0.750     0.040    0.390E+00    0.345E+00    0.910E+00    0.140E+00    0.152E+00    0.404E-01    0.404E-01    0.000E+00    0.000E+00    0.000E+00    0.000E+00
     0.750     0.050    0.416E+00    0.357E+00    0.106E+01    0.131E+00    0.141E+00    0.381E-01    0.381E-01    0.000E+00    0.000E+00    0.000E+00    0.000E+00
     0.750     0.060    0.440E+00    0.368E+00    0.116E+01    0.122E+00    0.133E+00    0.362E-01    0.362E-01    0.000E+00    0.000E+00    0.000E+00    0.000E+00
     0.750     0.070    0.464E+00    0.378E+00    0.123E+01    0.114E+00    0.126E+00    0.346E-01    0.346E-01    0.000E+00    0.000E+00    0.000E+00    0.000E+00
     0.750     0.080    0.486E+00    0.386E+00    0.127E+01    0.105E+00    0.122E+00    0.331E-01    0.331E-01    0.000E+00    0.000E+00    0.000E+00    0.000E+00
     0.750     0.090    0.507E+00    0.394E+00    0.130E+01    0.971E-01    0.118E+00    0.317E-01    0.317E-01    0.000E+00    0.000E+00    0.000E+00    0.000E+00
     0.750     0.100    0.528E+00    0.400E+00    0.132E+01    0.894E-01    0.114E+00    0.304E-01    0.304E-01    0.000E+00    0.000E+00    0.000E+00    0.000E+00
     0.750     0.110    0.548E+00    0.405E+00    0.132E+01    0.824E-01    0.111E+00    0.292E-01    0.292E-01    0.000E+00    0.000E+00    0.000E+00    0.000E+00
     0.750     0.120    0.567E+00    0.409E+00    0.132E+01    0.759E-01    0.107E+00    0.280E-01    0.280E-01    0.000E+00    0.000E+00    0.000E+00    0.000E+00
     0.750     0.130    0.586E+00    0.412E+00    0.130E+01    0.701E-01    0.104E+00    0.269E-01    0.269E-01    0.000E+00    0.000E+00    0.000E+00    0.000E+00
     0.750     0.140    0.603E+00    0.414E+00    0.128E+01    0.651E-01    0.100E+00    0.258E-01    0.258E-01    0.000E+00    0.000E+00    0.000E+00    0.000E+00
     0.750     0.150    0.620E+00    0.415E+00    0.125E+01    0.606E-01    0.966E-01    0.248E-01    0.248E-01    0.000E+00    0.000E+00    0.000E+00    0.000E+00
     0.750     0.160    0.636E+00    0.416E+00    0.122E+01    0.567E-01    0.927E-01    0.238E-01    0.238E-01    0.000E+00    0.000E+00    0.000E+00    0.000E+00
     0.750     0.170    0.651E+00    0.415E+00    0.119E+01    0.532E-01    0.886E-01    0.228E-01    0.228E-01    0.000E+00    0.000E+00    0.000E+00    0.000E+00
     0.750     0.180    0.665E+00    0.414E+00    0.115E+01    0.502E-01    0.845E-01    0.219E-01    0.219E-01    0.000E+00    0.000E+00    0.000E+00    0.000E+00
     0.750     0.190    0.678E+00    0.412E+00    0.111E+01    0.476E-01    0.803E-01    0.210E-01    0.210E-01    0.000E+00    0.000E+00    0.000E+00    0.000E+00
     0.750     0.200    0.690E+00    0.409E+00    0.107E+01    0.453E-01    0.761E-01    0.201E-01    0.201E-01    0.000E+00    0.000E+00    0.000E+00    0.000E+00
     0.750     0.210    0.700E+00    0.406E+00    0.102E+01    0.432E-01    0.720E-01    0.192E-01    0.192E-01    0.000E+00    0.000E+00    0.000E+00    0.000E+00
     0.750     0.220    0.710E+00    0.403E+00    0.979E+00    0.414E-01    0.678E-01    0.184E-01    0.184E-01    0.000E+00    0.000E+00    0.000E+00    0.000E+00
     0.750     0.230    0.717E+00    0.398E+00    0.935E+00    0.397E-01    0.638E-01    0.175E-01    0.175E-01    0.000E+00    0.000E+00    0.000E+00    0.000E+00
     0.750     0.240    0.724E+00    0.394E+00    0.890E+00    0.381E-01    0.599E-01    0.167E-01    0.167E-01    0.000E+00    0.000E+00    0.000E+00    0.000E+00
     0.750     0.250    0.729E+00    0.388E+00    0.845E+00    0.367E-01    0.561E-01    0.160E-01    0.160E-01    0.000E+00    0.000E+00    0.000E+00    0.000E+00
     0.750     0.260    0.733E+00    0.383E+00    0.801E+00    0.353E-01    0.525E-01    0.152E-01    0.152E-01    0.000E+00    0.000E+00    0.000E+00    0.000E+00
     0.750     0.270    0.736E+00    0.377E+00    0.757E+00    0.340E-01    0.490E-01    0.145E-01    0.145E-01    0.000E+00    0.000E+00    0.000E+00    0.000E+00
     0.750     0.280    0.737E+00    0.370E+00    0.714E+00    0.327E-01    0.457E-01    0.138E-01    0.138E-01    0.000E+00    0.000E+00    0.000E+00    0.000E+00
     0.750     0.290    0.737E+00    0.363E+00    0.672E+00    0.314E-01    0.425E-01    0.131E-01    0.131E-01    0.000E+00    0.000E+00    0.000E+00    0.000E+00
     0.750     0.300    0.736E+00    0.356E+00    0.632E+00    0.301E-01    0.396E-01    0.124E-01    0.124E-01    0.000E+00    0.000E+00    0.000E+00    0.000E+00
     0.750     0.310    0.733E+00    0.348E+00    0.592E+00    0.289E-01    0.368E-01    0.117E-01    0.117E-01    0.000E+00    0.000E+00    0.000E+00    0.000E+00
     0.750     0.320    0.729E+00    0.340E+00    0.554E+00    0.276E-01    0.342E-01    0.111E-01    0.111E-01    0.000E+00    0.000E+00    0.000E+00    0.000E+00
     0.750     0.330    0.724E+00    0.332E+00    0.517E+00    0.263E-01    0.318E-01    0.105E-01    0.105E-01    0.000E+00    0.000E+00    0.000E+00    0.000E+00
     0.750     0.340    0.718E+00    0.323E+00    0.481E+00    0.251E-01    0.295E-01    0.990E-02    0.990E-02    0.000E+00    0.000E+00    0.000E+00    0.000E+00
     0.750     0.350    0.711E+00    0.314E+00    0.447E+00    0.238E-01    0.274E-01    0.934E-02    0.934E-02    0.000E+00    0.000E+00    0.000E+00    0.000E+00
     0.750     0.360    0.703E+00    0.305E+00    0.415E+00    0.226E-01    0.254E-01    0.879E-02    0.879E-02    0.000E+00    0.000E+00    0.000E+00    0.000E+00
     0.750     0.370    0.693E+00    0.295E+00    0.384E+00    0.213E-01    0.236E-01    0.826E-02    0.826E-02    0.000E+00    0.000E+00    0.000E+00    0.000E+00
     0.750     0.380    0.683E+00    0.286E+00    0.354E+00    0.201E-01    0.218E-01    0.776E-02    0.776E-02    0.000E+00    0.000E+00    0.000E+00    0.000E+00
     0.750     0.390    0.672E+00    0.276E+00    0.326E+00    0.189E-01    0.203E-01    0.727E-02    0.727E-02    0.000E+00    0.000E+00    0.000E+00    0.000E+00
     0.750     0.400    0.660E+00    0.266E+00    0.300E+00    0.177E-01    0.188E-01    0.681E-02    0.681E-02    0.000E+00    0.000E+00    0.000E+00    0.000E+00
     0.750     0.410    0.648E+00    0.256E+00    0.275E+00    0.166E-01    0.174E-01    0.636E-02    0.636E-02    0.000E+00    0.000E+00    0.000E+00    0.000E+00
     0.750     0.420    0.634E+00    0.246E+00    0.251E+00    0.155E-01    0.161E-01    0.594E-02    0.594E-02    0.000E+00    0.000E+00    0.000E+00    0.000E+00
     0.750     0.430    0.620E+00    0.235E+00    0.229E+00    0.144E-01    0.149E-01    0.553E-02    0.553E-02    0.000E+00    0.000E+00    0.000E+00    0.000E+00
     0.750     0.440    0.606E+00    0.225E+00    0.209E+00    0.134E-01    0.138E-01    0.514E-02    0.514E-02    0.000E+00    0.000E+00    0.000E+00    0.000E+00
     0.750     0.450    0.591E+00    0.215E+00    0.190E+00    0.125E-01    0.127E-01    0.477E-02    0.477E-02    0.000E+00    0.000E+00    0.000E+00    0.000E+00
     0.750     0.460    0.575E+00    0.204E+00    0.172E+00    0.115E-01    0.117E-01    0.442E-02    0.442E-02    0.000E+00    0.000E+00    0.000E+00    0.000E+00
     0.750     0.470    0.559E+00    0.194E+00    0.155E+00    0.106E-01    0.108E-01    0.409E-02    0.409E-02    0.000E+00    0.000E+00    0.000E+00    0.000E+00
     0.750     0.480    0.542E+00    0.184E+00    0.140E+00    0.981E-02    0.989E-02    0.377E-02    0.377E-02    0.000E+00    0.000E+00    0.000E+00    0.000E+00
     0.750     0.490    0.525E+00    0.174E+00    0.126E+00    0.902E-02    0.907E-02    0.347E-02    0.347E-02    0.000E+00    0.000E+00    0.000E+00    0.000E+00
     0.750     0.500    0.508E+00    0.164E+00    0.112E+00    0.827E-02    0.831E-02    0.319E-02    0.319E-02    0.000E+00    0.000E+00    0.000E+00    0.000E+00
     0.750     0.510    0.491E+00    0.154E+00    0.100E+00    0.756E-02    0.759E-02    0.292E-02    0.292E-02    0.000E+00    0.000E+00    0.000E+00    0.000E+00
     0.750     0.520    0.473E+00    0.145E+00    0.894E-01    0.690E-02    0.692E-02    0.267E-02    0.267E-02    0.000E+00    0.000E+00    0.000E+00    0.000E+00
     0.750     0.530    0.455E+00    0.135E+00    0.793E-01    0.628E-02    0.629E-02    0.243E-02    0.243E-02    0.000E+00    0.000E+00    0.000E+00    0.000E+00
     0.750     0.540    0.437E+00    0.126E+00    0.701E-01    0.570E-02    0.571E-02    0.221E-02    0.221E-02    0.000E+00    0.000E+00    0.000E+00    0.000E+00
     0.750     0.550    0.420E+00    0.118E+00    0.618E-01    0.516E-02    0.516E-02    0.201E-02    0.201E-02    0.000E+00    0.000E+00    0.000E+00    0.000E+00
     0.750     0.560    0.402E+00    0.109E+00    0.543E-01    0.465E-02    0.466E-02    0.181E-02    0.181E-02    0.000E+00    0.000E+00    0.000E+00    0.000E+00
     0.750     0.570    0.384E+00    0.101E+00    0.475E-01    0.418E-02    0.419E-02    0.163E-02    0.163E-02    0.000E+00    0.000E+00    0.000E+00    0.000E+00
     0.750     0.580    0.366E+00    0.930E-01    0.414E-01    0.375E-02    0.375E-02    0.147E-02    0.147E-02    0.000E+00    0.000E+00    0.000E+00    0.000E+00
     0.750     0.590    0.348E+00    0.855E-01    0.359E-01    0.335E-02    0.335E-02    0.131E-02    0.131E-02    0.000E+00    0.000E+00    0.000E+00    0.000E+00
     0.750     0.600    0.330E+00    0.783E-01    0.310E-01    0.298E-02    0.298E-02    0.117E-02    0.117E-02    0.000E+00    0.000E+00    0.000E+00    0.000E+00
     0.750     0.610    0.313E+00    0.714E-01    0.267E-01    0.264E-02    0.264E-02    0.103E-02    0.103E-02    0.000E+00    0.000E+00    0.000E+00    0.000E+00
     0.750     0.620    0.296E+00    0.649E-01    0.228E-01    0.232E-02    0.232E-02    0.912E-03    0.912E-03    0.000E+00    0.000E+00    0.000E+00    0.000E+00
     0.750     0.630    0.279E+00    0.588E-01    0.194E-01    0.204E-02    0.204E-02    0.801E-03    0.801E-03    0.000E+00    0.000E+00    0.000E+00    0.000E+00
     0.750     0.640    0.262E+00    0.530E-01    0.164E-01    0.177E-02    0.177E-02    0.699E-03    0.699E-03    0.000E+00    0.000E+00    0.000E+00    0.000E+00
     0.750     0.650    0.246E+00    0.476E-01    0.139E-01    0.154E-02    0.154E-02    0.606E-03    0.606E-03    0.000E+00    0.000E+00    0.000E+00    0.000E+00
     0.750     0.660    0.230E+00    0.426E-01    0.116E-01    0.132E-02    0.132E-02    0.522E-03    0.522E-03    0.000E+00    0.000E+00    0.000E+00    0.000E+00
     0.750     0.670    0.215E+00    0.379E-01    0.964E-02    0.113E-02    0.113E-02    0.446E-03    0.446E-03    0.000E+00    0.000E+00    0.000E+00    0.000E+00
     0.750     0.680    0.200E+00    0.335E-01    0.796E-02    0.956E-03    0.956E-03    0.378E-03    0.378E-03    0.000E+00    0.000E+00    0.000E+00    0.000E+00
     0.750     0.690    0.185E+00    0.295E-01    0.653E-02    0.801E-03    0.801E-03    0.317E-03    0.317E-03    0.000E+00    0.000E+00    0.000E+00    0.000E+00
     0.750     0.700    0.171E+00    0.259E-01    0.531E-02    0.663E-03    0.663E-03    0.262E-03    0.262E-03    0.000E+00    0.000E+00    0.000E+00    0.000E+00
     0.750     0.710    0.158E+00    0.225E-01    0.428E-02    0.542E-03    0.542E-03    0.214E-03    0.214E-03    0.000E+00    0.000E+00    0.000E+00    0.000E+00
     0.750     0.720    0.145E+00    0.195E-01    0.342E-02    0.435E-03    0.435E-03    0.172E-03    0.172E-03    0.000E+00    0.000E+00    0.000E+00    0.000E+00
     0.750     0.730    0.132E+00    0.167E-01    0.270E-02    0.342E-03    0.342E-03    0.136E-03    0.136E-03    0.000E+00    0.000E+00    0.000E+00    0.000E+00
     0.750     0.740    0.120E+00    0.143E-01    0.211E-02    0.262E-03    0.262E-03    0.104E-03    0.104E-03    0.000E+00    0.000E+00    0.000E+00    0.000E+00
     0.750     0.750    0.109E+00    0.121E-01    0.163E-02    0.194E-03    0.194E-03    0.769E-04    0.769E-04    0.000E+00    0.000E+00    0.000E+00    0.000E+00
     0.750     0.760    0.978E-01    0.101E-01    0.124E-02    0.136E-03    0.136E-03    0.540E-04    0.540E-04    0.000E+00    0.000E+00    0.000E+00    0.000E+00
     0.750     0.770    0.876E-01    0.841E-02    0.934E-03    0.869E-04    0.869E-04    0.344E-04    0.344E-04    0.000E+00    0.000E+00    0.000E+00    0.000E+00
     0.750     0.780    0.780E-01    0.692E-02    0.688E-03    0.441E-04    0.441E-04    0.175E-04    0.175E-04    0.000E+00    0.000E+00    0.000E+00    0.000E+00
     0.750     0.790    0.690E-01    0.564E-02    0.499E-03    0.133E-04    0.133E-04    0.531E-05    0.531E-05    0.000E+00    0.000E+00    0.000E+00    0.000E+00
     0.750     0.800    0.606E-01    0.454E-02    0.352E-03    0.179E-05    0.179E-05    0.745E-06    0.745E-06    0.000E+00    0.000E+00    0.000E+00    0.000E+00
     0.750     0.810    0.528E-01    0.362E-02    0.242E-03    0.000E+00    0.000E+00    0.000E+00    0.000E+00    0.000E+00    0.000E+00    0.000E+00    0.000E+00
     0.750     0.820    0.457E-01    0.285E-02    0.161E-03    0.000E+00    0.000E+00    0.000E+00    0.000E+00    0.000E+00    0.000E+00    0.000E+00    0.000E+00
     0.750     0.830    0.391E-01    0.221E-02    0.103E-03    0.000E+00    0.000E+00    0.000E+00    0.000E+00    0.000E+00    0.000E+00    0.000E+00    0.000E+00
     0.750     0.840    0.331E-01    0.168E-02    0.622E-04    0.000E+00    0.000E+00    0.000E+00    0.000E+00    0.000E+00    0.000E+00    0.000E+00    0.000E+00
     0.750     0.850    0.277E-01    0.126E-02    0.345E-04    0.000E+00    0.000E+00    0.000E+00    0.000E+00    0.000E+00    0.000E+00    0.000E+00    0.000E+00
     0.750     0.860    0.229E-01    0.918E-03    0.173E-04    0.000E+00    0.000E+00    0.000E+00    0.000E+00    0.000E+00    0.000E+00    0.000E+00    0.000E+00
     0.750     0.870    0.186E-01    0.654E-03    0.619E-05    0.000E+00    0.000E+00    0.000E+00    0.000E+00    0.000E+00    0.000E+00    0.000E+00    0.000E+00
     0.750     0.880    0.148E-01    0.453E-03    0.533E-06    0.000E+00    0.000E+00    0.000E+00    0.000E+00    0.000E+00    0.000E+00    0.000E+00    0.000E+00
     0.750     0.890    0.116E-01    0.303E-03    0.000E+00    0.000E+00    0.000E+00    0.000E+00    0.000E+00    0.000E+00    0.000E+00    0.000E+00    0.000E+00
     0.750     0.900    0.883E-02    0.195E-03    0.000E+00    0.000E+00    0.000E+00    0.000E+00    0.000E+00    0.000E+00    0.000E+00    0.000E+00    0.000E+00
     0.750     0.910    0.653E-02    0.120E-03    0.000E+00    0.000E+00    0.000E+00    0.000E+00    0.000E+00    0.000E+00    0.000E+00    0.000E+00    0.000E+00
     0.750     0.920    0.464E-02    0.688E-04    0.000E+00    0.000E+00    0.000E+00    0.000E+00    0.000E+00    0.000E+00    0.000E+00    0.000E+00    0.000E+00
     0.750     0.930    0.315E-02    0.375E-04    0.000E+00    0.000E+00    0.000E+00    0.000E+00    0.000E+00    0.000E+00    0.000E+00    0.000E+00    0.000E+00
     0.750     0.940    0.201E-02    0.176E-04    0.000E+00    0.000E+00    0.000E+00    0.000E+00    0.000E+00    0.000E+00    0.000E+00    0.000E+00    0.000E+00
     0.750     0.950    0.116E-02    0.765E-05    0.000E+00    0.000E+00    0.000E+00    0.000E+00    0.000E+00    0.000E+00    0.000E+00    0.000E+00    0.000E+00
     0.750     0.960    0.541E-03    0.230E-05    0.000E+00    0.757E-07    0.757E-07    0.303E-07    0.303E-07    0.000E+00    0.000E+00    0.000E+00    0.000E+00
     0.750     0.970    0.130E-03    0.153E-06    0.000E+00    0.182E-06    0.182E-06    0.728E-07    0.728E-07    0.996E-12    0.996E-12    0.000E+00    0.000E+00
     0.750     0.980    0.000E+00    0.197E-06    0.188E-07    0.242E-06    0.242E-06    0.967E-07    0.967E-07    0.000E+00    0.000E+00    0.000E+00    0.000E+00
     0.750     0.990    0.000E+00    0.736E-06    0.178E-07    0.200E-06    0.200E-06    0.800E-07    0.800E-07    0.000E+00    0.000E+00    0.000E+00    0.000E+00

