     Q**2          x         u           d           g          ub          db          sb          s          cb          c          bb          b
     0.750     0.010    0.321E+00    0.292E+00    0.000E+00    0.195E+00    0.216E+00    0.561E-01    0.561E-01    0.000E+00    0.000E+00    0.000E+00    0.000E+00
     0.750     0.020    0.338E+00    0.313E+00    0.356E+00    0.166E+00    0.187E+00    0.482E-01    0.482E-01    0.000E+00    0.000E+00    0.000E+00    0.000E+00
     0.750     0.030    0.362E+00    0.331E+00    0.699E+00    0.150E+00    0.167E+00    0.437E-01    0.437E-01    0.000E+00    0.000E+00    0.000E+00    0.000E+00
     0.750     0.040    0.389E+00    0.346E+00    0.897E+00    0.141E+00    0.153E+00    0.408E-01    0.408E-01    0.000E+00    0.000E+00    0.000E+00    0.000E+00
     0.750     0.050    0.414E+00    0.359E+00    0.104E+01    0.132E+00    0.141E+00    0.385E-01    0.385E-01    0.000E+00    0.000E+00    0.000E+00    0.000E+00
     0.750     0.060    0.439E+00    0.370E+00    0.114E+01    0.123E+00    0.133E+00    0.365E-01    0.365E-01    0.000E+00    0.000E+00    0.000E+00    0.000E+00
     0.750     0.070    0.462E+00    0.380E+00    0.121E+01    0.114E+00    0.127E+00    0.348E-01    0.348E-01    0.000E+00    0.000E+00    0.000E+00    0.000E+00
     0.750     0.080    0.484E+00    0.388E+00    0.126E+01    0.106E+00    0.122E+00    0.333E-01    0.333E-01    0.000E+00    0.000E+00    0.000E+00    0.000E+00
     0.750     0.090    0.506E+00    0.396E+00    0.129E+01    0.977E-01    0.118E+00    0.319E-01    0.319E-01    0.000E+00    0.000E+00    0.000E+00    0.000E+00
     0.750     0.100    0.527E+00    0.402E+00    0.130E+01    0.900E-01    0.114E+00    0.305E-01    0.305E-01    0.000E+00    0.000E+00    0.000E+00    0.000E+00
     0.750     0.110    0.547E+00    0.407E+00    0.131E+01    0.829E-01    0.111E+00    0.293E-01    0.293E-01    0.000E+00    0.000E+00    0.000E+00    0.000E+00
     0.750     0.120    0.566E+00    0.410E+00    0.130E+01    0.765E-01    0.107E+00    0.281E-01    0.281E-01    0.000E+00    0.000E+00    0.000E+00    0.000E+00
     0.750     0.130    0.584E+00    0.413E+00    0.129E+01    0.708E-01    0.104E+00    0.270E-01    0.270E-01    0.000E+00    0.000E+00    0.000E+00    0.000E+00
     0.750     0.140    0.602E+00    0.415E+00    0.127E+01    0.657E-01    0.100E+00    0.259E-01    0.259E-01    0.000E+00    0.000E+00    0.000E+00    0.000E+00
     0.750     0.150    0.619E+00    0.416E+00    0.125E+01    0.613E-01    0.961E-01    0.248E-01    0.248E-01    0.000E+00    0.000E+00    0.000E+00    0.000E+00
     0.750     0.160    0.636E+00    0.416E+00    0.122E+01    0.574E-01    0.921E-01    0.238E-01    0.238E-01    0.000E+00    0.000E+00    0.000E+00    0.000E+00
     0.750     0.170    0.651E+00    0.415E+00    0.118E+01    0.540E-01    0.879E-01    0.228E-01    0.228E-01    0.000E+00    0.000E+00    0.000E+00    0.000E+00
     0.750     0.180    0.665E+00    0.414E+00    0.115E+01    0.510E-01    0.837E-01    0.219E-01    0.219E-01    0.000E+00    0.000E+00    0.000E+00    0.000E+00
     0.750     0.190    0.678E+00    0.412E+00    0.111E+01    0.484E-01    0.795E-01    0.209E-01    0.209E-01    0.000E+00    0.000E+00    0.000E+00    0.000E+00
     0.750     0.200    0.690E+00    0.409E+00    0.107E+01    0.461E-01    0.753E-01    0.200E-01    0.200E-01    0.000E+00    0.000E+00    0.000E+00    0.000E+00
     0.750     0.210    0.700E+00    0.406E+00    0.103E+01    0.440E-01    0.711E-01    0.192E-01    0.192E-01    0.000E+00    0.000E+00    0.000E+00    0.000E+00
     0.750     0.220    0.709E+00    0.402E+00    0.982E+00    0.421E-01    0.670E-01    0.183E-01    0.183E-01    0.000E+00    0.000E+00    0.000E+00    0.000E+00
     0.750     0.230    0.717E+00    0.398E+00    0.939E+00    0.404E-01    0.629E-01    0.175E-01    0.175E-01    0.000E+00    0.000E+00    0.000E+00    0.000E+00
     0.750     0.240    0.724E+00    0.393E+00    0.895E+00    0.388E-01    0.590E-01    0.167E-01    0.167E-01    0.000E+00    0.000E+00    0.000E+00    0.000E+00
     0.750     0.250    0.729E+00    0.388E+00    0.851E+00    0.373E-01    0.552E-01    0.159E-01    0.159E-01    0.000E+00    0.000E+00    0.000E+00    0.000E+00
     0.750     0.260    0.733E+00    0.382E+00    0.807E+00    0.358E-01    0.516E-01    0.151E-01    0.151E-01    0.000E+00    0.000E+00    0.000E+00    0.000E+00
     0.750     0.270    0.736E+00    0.376E+00    0.764E+00    0.345E-01    0.482E-01    0.144E-01    0.144E-01    0.000E+00    0.000E+00    0.000E+00    0.000E+00
     0.750     0.280    0.737E+00    0.369E+00    0.721E+00    0.331E-01    0.449E-01    0.137E-01    0.137E-01    0.000E+00    0.000E+00    0.000E+00    0.000E+00
     0.750     0.290    0.737E+00    0.363E+00    0.679E+00    0.318E-01    0.418E-01    0.130E-01    0.130E-01    0.000E+00    0.000E+00    0.000E+00    0.000E+00
     0.750     0.300    0.736E+00    0.355E+00    0.639E+00    0.304E-01    0.389E-01    0.123E-01    0.123E-01    0.000E+00    0.000E+00    0.000E+00    0.000E+00
     0.750     0.310    0.733E+00    0.348E+00    0.599E+00    0.291E-01    0.362E-01    0.116E-01    0.116E-01    0.000E+00    0.000E+00    0.000E+00    0.000E+00
     0.750     0.320    0.729E+00    0.340E+00    0.561E+00    0.278E-01    0.336E-01    0.110E-01    0.110E-01    0.000E+00    0.000E+00    0.000E+00    0.000E+00
     0.750     0.330    0.724E+00    0.332E+00    0.524E+00    0.265E-01    0.312E-01    0.104E-01    0.104E-01    0.000E+00    0.000E+00    0.000E+00    0.000E+00
     0.750     0.340    0.718E+00    0.323E+00    0.488E+00    0.251E-01    0.290E-01    0.980E-02    0.980E-02    0.000E+00    0.000E+00    0.000E+00    0.000E+00
     0.750     0.350    0.711E+00    0.314E+00    0.454E+00    0.238E-01    0.269E-01    0.924E-02    0.924E-02    0.000E+00    0.000E+00    0.000E+00    0.000E+00
     0.750     0.360    0.703E+00    0.305E+00    0.421E+00    0.225E-01    0.250E-01    0.869E-02    0.869E-02    0.000E+00    0.000E+00    0.000E+00    0.000E+00
     0.750     0.370    0.693E+00    0.296E+00    0.390E+00    0.213E-01    0.232E-01    0.816E-02    0.816E-02    0.000E+00    0.000E+00    0.000E+00    0.000E+00
     0.750     0.380    0.683E+00    0.286E+00    0.360E+00    0.200E-01    0.215E-01    0.766E-02    0.766E-02    0.000E+00    0.000E+00    0.000E+00    0.000E+00
     0.750     0.390    0.672E+00    0.276E+00    0.332E+00    0.188E-01    0.199E-01    0.718E-02    0.718E-02    0.000E+00    0.000E+00    0.000E+00    0.000E+00
     0.750     0.400    0.660E+00    0.266E+00    0.305E+00    0.176E-01    0.185E-01    0.671E-02    0.671E-02    0.000E+00    0.000E+00    0.000E+00    0.000E+00
     0.750     0.410    0.648E+00    0.256E+00    0.280E+00    0.165E-01    0.171E-01    0.627E-02    0.627E-02    0.000E+00    0.000E+00    0.000E+00    0.000E+00
     0.750     0.420    0.634E+00    0.246E+00    0.256E+00    0.153E-01    0.158E-01    0.584E-02    0.584E-02    0.000E+00    0.000E+00    0.000E+00    0.000E+00
     0.750     0.430    0.620E+00    0.236E+00    0.234E+00    0.143E-01    0.146E-01    0.544E-02    0.544E-02    0.000E+00    0.000E+00    0.000E+00    0.000E+00
     0.750     0.440    0.606E+00    0.226E+00    0.213E+00    0.132E-01    0.135E-01    0.505E-02    0.505E-02    0.000E+00    0.000E+00    0.000E+00    0.000E+00
     0.750     0.450    0.591E+00    0.215E+00    0.194E+00    0.123E-01    0.125E-01    0.468E-02    0.468E-02    0.000E+00    0.000E+00    0.000E+00    0.000E+00
     0.750     0.460    0.575E+00    0.205E+00    0.175E+00    0.113E-01    0.115E-01    0.433E-02    0.433E-02    0.000E+00    0.000E+00    0.000E+00    0.000E+00
     0.750     0.470    0.559E+00    0.195E+00    0.159E+00    0.105E-01    0.105E-01    0.400E-02    0.400E-02    0.000E+00    0.000E+00    0.000E+00    0.000E+00
     0.750     0.480    0.542E+00    0.185E+00    0.143E+00    0.962E-02    0.968E-02    0.369E-02    0.369E-02    0.000E+00    0.000E+00    0.000E+00    0.000E+00
     0.750     0.490    0.526E+00    0.175E+00    0.128E+00    0.882E-02    0.887E-02    0.339E-02    0.339E-02    0.000E+00    0.000E+00    0.000E+00    0.000E+00
     0.750     0.500    0.508E+00    0.165E+00    0.115E+00    0.808E-02    0.811E-02    0.311E-02    0.311E-02    0.000E+00    0.000E+00    0.000E+00    0.000E+00
     0.750     0.510    0.491E+00    0.155E+00    0.103E+00    0.738E-02    0.740E-02    0.284E-02    0.284E-02    0.000E+00    0.000E+00    0.000E+00    0.000E+00
     0.750     0.520    0.473E+00    0.146E+00    0.915E-01    0.672E-02    0.673E-02    0.259E-02    0.259E-02    0.000E+00    0.000E+00    0.000E+00    0.000E+00
     0.750     0.530    0.456E+00    0.136E+00    0.812E-01    0.610E-02    0.611E-02    0.236E-02    0.236E-02    0.000E+00    0.000E+00    0.000E+00    0.000E+00
     0.750     0.540    0.438E+00    0.127E+00    0.718E-01    0.552E-02    0.553E-02    0.214E-02    0.214E-02    0.000E+00    0.000E+00    0.000E+00    0.000E+00
     0.750     0.550    0.420E+00    0.118E+00    0.633E-01    0.499E-02    0.499E-02    0.194E-02    0.194E-02    0.000E+00    0.000E+00    0.000E+00    0.000E+00
     0.750     0.560    0.402E+00    0.110E+00    0.556E-01    0.449E-02    0.449E-02    0.175E-02    0.175E-02    0.000E+00    0.000E+00    0.000E+00    0.000E+00
     0.750     0.570    0.384E+00    0.102E+00    0.486E-01    0.402E-02    0.402E-02    0.157E-02    0.157E-02    0.000E+00    0.000E+00    0.000E+00    0.000E+00
     0.750     0.580    0.366E+00    0.939E-01    0.423E-01    0.359E-02    0.359E-02    0.140E-02    0.140E-02    0.000E+00    0.000E+00    0.000E+00    0.000E+00
     0.750     0.590    0.348E+00    0.864E-01    0.367E-01    0.320E-02    0.320E-02    0.125E-02    0.125E-02    0.000E+00    0.000E+00    0.000E+00    0.000E+00
     0.750     0.600    0.331E+00    0.792E-01    0.317E-01    0.283E-02    0.283E-02    0.111E-02    0.111E-02    0.000E+00    0.000E+00    0.000E+00    0.000E+00
     0.750     0.610    0.313E+00    0.723E-01    0.273E-01    0.250E-02    0.250E-02    0.978E-03    0.978E-03    0.000E+00    0.000E+00    0.000E+00    0.000E+00
     0.750     0.620    0.296E+00    0.658E-01    0.233E-01    0.219E-02    0.219E-02    0.859E-03    0.859E-03    0.000E+00    0.000E+00    0.000E+00    0.000E+00
     0.750     0.630    0.279E+00    0.597E-01    0.199E-01    0.191E-02    0.191E-02    0.750E-03    0.750E-03    0.000E+00    0.000E+00    0.000E+00    0.000E+00
     0.750     0.640    0.263E+00    0.539E-01    0.168E-01    0.165E-02    0.165E-02    0.650E-03    0.650E-03    0.000E+00    0.000E+00    0.000E+00    0.000E+00
     0.750     0.650    0.247E+00    0.485E-01    0.142E-01    0.142E-02    0.142E-02    0.560E-03    0.560E-03    0.000E+00    0.000E+00    0.000E+00    0.000E+00
     0.750     0.660    0.231E+00    0.434E-01    0.119E-01    0.121E-02    0.121E-02    0.478E-03    0.478E-03    0.000E+00    0.000E+00    0.000E+00    0.000E+00
     0.750     0.670    0.215E+00    0.387E-01    0.986E-02    0.103E-02    0.103E-02    0.404E-03    0.404E-03    0.000E+00    0.000E+00    0.000E+00    0.000E+00
     0.750     0.680    0.200E+00    0.344E-01    0.814E-02    0.858E-03    0.858E-03    0.338E-03    0.338E-03    0.000E+00    0.000E+00    0.000E+00    0.000E+00
     0.750     0.690    0.186E+00    0.303E-01    0.667E-02    0.708E-03    0.708E-03    0.280E-03    0.280E-03    0.000E+00    0.000E+00    0.000E+00    0.000E+00
     0.750     0.700    0.171E+00    0.267E-01    0.542E-02    0.577E-03    0.577E-03    0.228E-03    0.228E-03    0.000E+00    0.000E+00    0.000E+00    0.000E+00
     0.750     0.710    0.158E+00    0.233E-01    0.437E-02    0.461E-03    0.461E-03    0.182E-03    0.182E-03    0.000E+00    0.000E+00    0.000E+00    0.000E+00
     0.750     0.720    0.145E+00    0.202E-01    0.349E-02    0.360E-03    0.360E-03    0.142E-03    0.142E-03    0.000E+00    0.000E+00    0.000E+00    0.000E+00
     0.750     0.730    0.132E+00    0.174E-01    0.275E-02    0.272E-03    0.272E-03    0.108E-03    0.108E-03    0.000E+00    0.000E+00    0.000E+00    0.000E+00
     0.750     0.740    0.120E+00    0.149E-01    0.215E-02    0.197E-03    0.197E-03    0.780E-04    0.780E-04    0.000E+00    0.000E+00    0.000E+00    0.000E+00
     0.750     0.750    0.109E+00    0.127E-01    0.166E-02    0.133E-03    0.133E-03    0.526E-04    0.526E-04    0.000E+00    0.000E+00    0.000E+00    0.000E+00
     0.750     0.760    0.980E-01    0.107E-01    0.126E-02    0.802E-04    0.802E-04    0.315E-04    0.315E-04    0.000E+00    0.000E+00    0.000E+00    0.000E+00
     0.750     0.770    0.878E-01    0.899E-02    0.947E-03    0.403E-04    0.403E-04    0.158E-04    0.158E-04    0.000E+00    0.000E+00    0.000E+00    0.000E+00
     0.750     0.780    0.782E-01    0.746E-02    0.696E-03    0.143E-04    0.143E-04    0.557E-05    0.557E-05    0.000E+00    0.000E+00    0.000E+00    0.000E+00
     0.750     0.790    0.692E-01    0.613E-02    0.504E-03    0.000E+00    0.000E+00    0.000E+00    0.000E+00    0.000E+00    0.000E+00    0.000E+00    0.000E+00
     0.750     0.800    0.608E-01    0.501E-02    0.354E-03    0.000E+00    0.000E+00    0.000E+00    0.000E+00    0.000E+00    0.000E+00    0.000E+00    0.000E+00
     0.750     0.810    0.530E-01    0.407E-02    0.244E-03    0.000E+00    0.000E+00    0.000E+00    0.000E+00    0.000E+00    0.000E+00    0.000E+00    0.000E+00
     0.750     0.820    0.458E-01    0.326E-02    0.161E-03    0.000E+00    0.000E+00    0.000E+00    0.000E+00    0.000E+00    0.000E+00    0.000E+00    0.000E+00
     0.750     0.830    0.393E-01    0.257E-02    0.102E-03    0.000E+00    0.000E+00    0.000E+00    0.000E+00    0.000E+00    0.000E+00    0.000E+00    0.000E+00
     0.750     0.840    0.333E-01    0.200E-02    0.616E-04    0.000E+00    0.000E+00    0.000E+00    0.000E+00    0.000E+00    0.000E+00    0.000E+00    0.000E+00
     0.750     0.850    0.278E-01    0.153E-02    0.337E-04    0.000E+00    0.000E+00    0.000E+00    0.000E+00    0.000E+00    0.000E+00    0.000E+00    0.000E+00
     0.750     0.860    0.230E-01    0.116E-02    0.166E-04    0.000E+00    0.000E+00    0.000E+00    0.000E+00    0.000E+00    0.000E+00    0.000E+00    0.000E+00
     0.750     0.870    0.187E-01    0.857E-03    0.557E-05    0.000E+00    0.000E+00    0.000E+00    0.000E+00    0.000E+00    0.000E+00    0.000E+00    0.000E+00
     0.750     0.880    0.149E-01    0.622E-03    0.412E-07    0.000E+00    0.000E+00    0.000E+00    0.000E+00    0.000E+00    0.000E+00    0.000E+00    0.000E+00
     0.750     0.890    0.117E-01    0.440E-03    0.000E+00    0.000E+00    0.000E+00    0.000E+00    0.000E+00    0.000E+00    0.000E+00    0.000E+00    0.000E+00
     0.750     0.900    0.889E-02    0.303E-03    0.000E+00    0.000E+00    0.000E+00    0.000E+00    0.000E+00    0.000E+00    0.000E+00    0.000E+00    0.000E+00
     0.750     0.910    0.657E-02    0.203E-03    0.000E+00    0.000E+00    0.000E+00    0.000E+00    0.000E+00    0.000E+00    0.000E+00    0.000E+00    0.000E+00
     0.750     0.920    0.468E-02    0.130E-03    0.000E+00    0.000E+00    0.000E+00    0.000E+00    0.000E+00    0.000E+00    0.000E+00    0.000E+00    0.000E+00
     0.750     0.930    0.318E-02    0.805E-04    0.000E+00    0.000E+00    0.000E+00    0.000E+00    0.000E+00    0.000E+00    0.000E+00    0.000E+00    0.000E+00
     0.750     0.940    0.202E-02    0.461E-04    0.000E+00    0.000E+00    0.000E+00    0.000E+00    0.000E+00    0.000E+00    0.000E+00    0.000E+00    0.000E+00
     0.750     0.950    0.117E-02    0.246E-04    0.000E+00    0.000E+00    0.000E+00    0.000E+00    0.000E+00    0.000E+00    0.000E+00    0.000E+00    0.000E+00
     0.750     0.960    0.546E-03    0.105E-04    0.000E+00    0.870E-07    0.870E-07    0.348E-07    0.348E-07    0.000E+00    0.000E+00    0.000E+00    0.000E+00
     0.750     0.970    0.131E-03    0.219E-05    0.000E+00    0.209E-06    0.209E-06    0.837E-07    0.837E-07    0.977E-12    0.977E-12    0.000E+00    0.000E+00
     0.750     0.980    0.000E+00    0.000E+00    0.187E-07    0.278E-06    0.278E-06    0.111E-06    0.111E-06    0.000E+00    0.000E+00    0.000E+00    0.000E+00
     0.750     0.990    0.000E+00    0.000E+00    0.170E-07    0.230E-06    0.230E-06    0.919E-07    0.919E-07    0.000E+00    0.000E+00    0.000E+00    0.000E+00

