     Q**2          x         u           d           g          ub          db          sb          s          cb          c          bb          b
     0.750     0.010    0.239E+00    0.201E+00    0.000E+00    0.122E+00    0.140E+00    0.626E-02    0.626E-02    0.000E+00    0.000E+00    0.000E+00    0.000E+00
     0.750     0.020    0.304E+00    0.259E+00    0.921E+00    0.117E+00    0.139E+00    0.152E-01    0.152E-01    0.000E+00    0.000E+00    0.000E+00    0.000E+00
     0.750     0.030    0.364E+00    0.308E+00    0.150E+01    0.119E+00    0.139E+00    0.226E-01    0.226E-01    0.000E+00    0.000E+00    0.000E+00    0.000E+00
     0.750     0.040    0.418E+00    0.347E+00    0.177E+01    0.122E+00    0.140E+00    0.284E-01    0.284E-01    0.000E+00    0.000E+00    0.000E+00    0.000E+00
     0.750     0.050    0.465E+00    0.379E+00    0.190E+01    0.123E+00    0.141E+00    0.326E-01    0.326E-01    0.000E+00    0.000E+00    0.000E+00    0.000E+00
     0.750     0.060    0.507E+00    0.403E+00    0.193E+01    0.121E+00    0.142E+00    0.356E-01    0.356E-01    0.000E+00    0.000E+00    0.000E+00    0.000E+00
     0.750     0.070    0.543E+00    0.423E+00    0.190E+01    0.117E+00    0.143E+00    0.376E-01    0.376E-01    0.000E+00    0.000E+00    0.000E+00    0.000E+00
     0.750     0.080    0.574E+00    0.438E+00    0.184E+01    0.111E+00    0.143E+00    0.388E-01    0.388E-01    0.000E+00    0.000E+00    0.000E+00    0.000E+00
     0.750     0.090    0.603E+00    0.449E+00    0.175E+01    0.105E+00    0.143E+00    0.392E-01    0.392E-01    0.000E+00    0.000E+00    0.000E+00    0.000E+00
     0.750     0.100    0.628E+00    0.457E+00    0.164E+01    0.987E-01    0.142E+00    0.392E-01    0.392E-01    0.000E+00    0.000E+00    0.000E+00    0.000E+00
     0.750     0.110    0.652E+00    0.463E+00    0.154E+01    0.924E-01    0.139E+00    0.387E-01    0.387E-01    0.000E+00    0.000E+00    0.000E+00    0.000E+00
     0.750     0.120    0.673E+00    0.466E+00    0.143E+01    0.864E-01    0.136E+00    0.378E-01    0.378E-01    0.000E+00    0.000E+00    0.000E+00    0.000E+00
     0.750     0.130    0.693E+00    0.467E+00    0.132E+01    0.809E-01    0.132E+00    0.367E-01    0.367E-01    0.000E+00    0.000E+00    0.000E+00    0.000E+00
     0.750     0.140    0.711E+00    0.467E+00    0.122E+01    0.758E-01    0.127E+00    0.354E-01    0.354E-01    0.000E+00    0.000E+00    0.000E+00    0.000E+00
     0.750     0.150    0.727E+00    0.465E+00    0.112E+01    0.711E-01    0.121E+00    0.339E-01    0.339E-01    0.000E+00    0.000E+00    0.000E+00    0.000E+00
     0.750     0.160    0.741E+00    0.462E+00    0.103E+01    0.669E-01    0.114E+00    0.323E-01    0.323E-01    0.000E+00    0.000E+00    0.000E+00    0.000E+00
     0.750     0.170    0.754E+00    0.459E+00    0.947E+00    0.631E-01    0.108E+00    0.307E-01    0.307E-01    0.000E+00    0.000E+00    0.000E+00    0.000E+00
     0.750     0.180    0.765E+00    0.455E+00    0.871E+00    0.595E-01    0.101E+00    0.290E-01    0.290E-01    0.000E+00    0.000E+00    0.000E+00    0.000E+00
     0.750     0.190    0.775E+00    0.450E+00    0.802E+00    0.562E-01    0.940E-01    0.272E-01    0.272E-01    0.000E+00    0.000E+00    0.000E+00    0.000E+00
     0.750     0.200    0.783E+00    0.445E+00    0.739E+00    0.531E-01    0.871E-01    0.255E-01    0.255E-01    0.000E+00    0.000E+00    0.000E+00    0.000E+00
     0.750     0.210    0.789E+00    0.439E+00    0.683E+00    0.502E-01    0.803E-01    0.239E-01    0.239E-01    0.000E+00    0.000E+00    0.000E+00    0.000E+00
     0.750     0.220    0.793E+00    0.433E+00    0.633E+00    0.474E-01    0.738E-01    0.222E-01    0.222E-01    0.000E+00    0.000E+00    0.000E+00    0.000E+00
     0.750     0.230    0.796E+00    0.427E+00    0.587E+00    0.448E-01    0.675E-01    0.206E-01    0.206E-01    0.000E+00    0.000E+00    0.000E+00    0.000E+00
     0.750     0.240    0.798E+00    0.420E+00    0.547E+00    0.422E-01    0.616E-01    0.191E-01    0.191E-01    0.000E+00    0.000E+00    0.000E+00    0.000E+00
     0.750     0.250    0.797E+00    0.413E+00    0.511E+00    0.396E-01    0.560E-01    0.176E-01    0.176E-01    0.000E+00    0.000E+00    0.000E+00    0.000E+00
     0.750     0.260    0.796E+00    0.406E+00    0.479E+00    0.372E-01    0.508E-01    0.162E-01    0.162E-01    0.000E+00    0.000E+00    0.000E+00    0.000E+00
     0.750     0.270    0.792E+00    0.398E+00    0.450E+00    0.348E-01    0.459E-01    0.149E-01    0.149E-01    0.000E+00    0.000E+00    0.000E+00    0.000E+00
     0.750     0.280    0.788E+00    0.390E+00    0.424E+00    0.324E-01    0.414E-01    0.137E-01    0.137E-01    0.000E+00    0.000E+00    0.000E+00    0.000E+00
     0.750     0.290    0.782E+00    0.381E+00    0.400E+00    0.301E-01    0.373E-01    0.125E-01    0.125E-01    0.000E+00    0.000E+00    0.000E+00    0.000E+00
     0.750     0.300    0.774E+00    0.372E+00    0.379E+00    0.278E-01    0.335E-01    0.114E-01    0.114E-01    0.000E+00    0.000E+00    0.000E+00    0.000E+00
     0.750     0.310    0.766E+00    0.362E+00    0.359E+00    0.257E-01    0.301E-01    0.103E-01    0.103E-01    0.000E+00    0.000E+00    0.000E+00    0.000E+00
     0.750     0.320    0.756E+00    0.353E+00    0.341E+00    0.236E-01    0.270E-01    0.937E-02    0.937E-02    0.000E+00    0.000E+00    0.000E+00    0.000E+00
     0.750     0.330    0.746E+00    0.342E+00    0.324E+00    0.215E-01    0.242E-01    0.848E-02    0.848E-02    0.000E+00    0.000E+00    0.000E+00    0.000E+00
     0.750     0.340    0.734E+00    0.332E+00    0.309E+00    0.196E-01    0.216E-01    0.765E-02    0.765E-02    0.000E+00    0.000E+00    0.000E+00    0.000E+00
     0.750     0.350    0.721E+00    0.321E+00    0.294E+00    0.178E-01    0.193E-01    0.688E-02    0.688E-02    0.000E+00    0.000E+00    0.000E+00    0.000E+00
     0.750     0.360    0.708E+00    0.310E+00    0.280E+00    0.161E-01    0.172E-01    0.618E-02    0.618E-02    0.000E+00    0.000E+00    0.000E+00    0.000E+00
     0.750     0.370    0.693E+00    0.298E+00    0.267E+00    0.145E-01    0.153E-01    0.553E-02    0.553E-02    0.000E+00    0.000E+00    0.000E+00    0.000E+00
     0.750     0.380    0.678E+00    0.287E+00    0.254E+00    0.130E-01    0.136E-01    0.494E-02    0.494E-02    0.000E+00    0.000E+00    0.000E+00    0.000E+00
     0.750     0.390    0.662E+00    0.275E+00    0.241E+00    0.117E-01    0.121E-01    0.440E-02    0.440E-02    0.000E+00    0.000E+00    0.000E+00    0.000E+00
     0.750     0.400    0.646E+00    0.263E+00    0.229E+00    0.104E-01    0.107E-01    0.391E-02    0.391E-02    0.000E+00    0.000E+00    0.000E+00    0.000E+00
     0.750     0.410    0.629E+00    0.250E+00    0.217E+00    0.925E-02    0.944E-02    0.347E-02    0.347E-02    0.000E+00    0.000E+00    0.000E+00    0.000E+00
     0.750     0.420    0.612E+00    0.238E+00    0.206E+00    0.819E-02    0.832E-02    0.307E-02    0.307E-02    0.000E+00    0.000E+00    0.000E+00    0.000E+00
     0.750     0.430    0.594E+00    0.226E+00    0.194E+00    0.723E-02    0.732E-02    0.270E-02    0.270E-02    0.000E+00    0.000E+00    0.000E+00    0.000E+00
     0.750     0.440    0.576E+00    0.214E+00    0.183E+00    0.636E-02    0.642E-02    0.238E-02    0.238E-02    0.000E+00    0.000E+00    0.000E+00    0.000E+00
     0.750     0.450    0.557E+00    0.202E+00    0.173E+00    0.558E-02    0.562E-02    0.208E-02    0.208E-02    0.000E+00    0.000E+00    0.000E+00    0.000E+00
     0.750     0.460    0.538E+00    0.190E+00    0.162E+00    0.488E-02    0.490E-02    0.182E-02    0.182E-02    0.000E+00    0.000E+00    0.000E+00    0.000E+00
     0.750     0.470    0.519E+00    0.178E+00    0.152E+00    0.425E-02    0.427E-02    0.158E-02    0.158E-02    0.000E+00    0.000E+00    0.000E+00    0.000E+00
     0.750     0.480    0.500E+00    0.167E+00    0.141E+00    0.369E-02    0.370E-02    0.138E-02    0.138E-02    0.000E+00    0.000E+00    0.000E+00    0.000E+00
     0.750     0.490    0.481E+00    0.156E+00    0.132E+00    0.320E-02    0.320E-02    0.119E-02    0.119E-02    0.000E+00    0.000E+00    0.000E+00    0.000E+00
     0.750     0.500    0.462E+00    0.145E+00    0.122E+00    0.276E-02    0.276E-02    0.103E-02    0.103E-02    0.000E+00    0.000E+00    0.000E+00    0.000E+00
     0.750     0.510    0.442E+00    0.135E+00    0.113E+00    0.237E-02    0.237E-02    0.884E-03    0.884E-03    0.000E+00    0.000E+00    0.000E+00    0.000E+00
     0.750     0.520    0.423E+00    0.125E+00    0.104E+00    0.203E-02    0.203E-02    0.758E-03    0.758E-03    0.000E+00    0.000E+00    0.000E+00    0.000E+00
     0.750     0.530    0.404E+00    0.115E+00    0.956E-01    0.173E-02    0.173E-02    0.647E-03    0.647E-03    0.000E+00    0.000E+00    0.000E+00    0.000E+00
     0.750     0.540    0.385E+00    0.106E+00    0.875E-01    0.147E-02    0.147E-02    0.551E-03    0.551E-03    0.000E+00    0.000E+00    0.000E+00    0.000E+00
     0.750     0.550    0.366E+00    0.971E-01    0.798E-01    0.124E-02    0.124E-02    0.466E-03    0.466E-03    0.000E+00    0.000E+00    0.000E+00    0.000E+00
     0.750     0.560    0.347E+00    0.888E-01    0.724E-01    0.105E-02    0.105E-02    0.394E-03    0.394E-03    0.000E+00    0.000E+00    0.000E+00    0.000E+00
     0.750     0.570    0.329E+00    0.809E-01    0.655E-01    0.879E-03    0.879E-03    0.331E-03    0.331E-03    0.000E+00    0.000E+00    0.000E+00    0.000E+00
     0.750     0.580    0.311E+00    0.735E-01    0.590E-01    0.734E-03    0.734E-03    0.277E-03    0.277E-03    0.000E+00    0.000E+00    0.000E+00    0.000E+00
     0.750     0.590    0.293E+00    0.665E-01    0.528E-01    0.610E-03    0.610E-03    0.231E-03    0.231E-03    0.000E+00    0.000E+00    0.000E+00    0.000E+00
     0.750     0.600    0.275E+00    0.601E-01    0.471E-01    0.504E-03    0.504E-03    0.191E-03    0.191E-03    0.000E+00    0.000E+00    0.000E+00    0.000E+00
     0.750     0.610    0.258E+00    0.540E-01    0.419E-01    0.415E-03    0.415E-03    0.158E-03    0.158E-03    0.000E+00    0.000E+00    0.000E+00    0.000E+00
     0.750     0.620    0.242E+00    0.484E-01    0.370E-01    0.339E-03    0.339E-03    0.129E-03    0.129E-03    0.000E+00    0.000E+00    0.000E+00    0.000E+00
     0.750     0.630    0.226E+00    0.433E-01    0.325E-01    0.276E-03    0.276E-03    0.106E-03    0.106E-03    0.000E+00    0.000E+00    0.000E+00    0.000E+00
     0.750     0.640    0.210E+00    0.385E-01    0.284E-01    0.223E-03    0.223E-03    0.857E-04    0.857E-04    0.000E+00    0.000E+00    0.000E+00    0.000E+00
     0.750     0.650    0.195E+00    0.342E-01    0.247E-01    0.179E-03    0.179E-03    0.692E-04    0.692E-04    0.000E+00    0.000E+00    0.000E+00    0.000E+00
     0.750     0.660    0.180E+00    0.302E-01    0.213E-01    0.143E-03    0.143E-03    0.554E-04    0.554E-04    0.000E+00    0.000E+00    0.000E+00    0.000E+00
     0.750     0.670    0.166E+00    0.266E-01    0.183E-01    0.113E-03    0.113E-03    0.441E-04    0.441E-04    0.000E+00    0.000E+00    0.000E+00    0.000E+00
     0.750     0.680    0.153E+00    0.234E-01    0.156E-01    0.891E-04    0.891E-04    0.349E-04    0.349E-04    0.000E+00    0.000E+00    0.000E+00    0.000E+00
     0.750     0.690    0.140E+00    0.204E-01    0.132E-01    0.695E-04    0.695E-04    0.274E-04    0.274E-04    0.000E+00    0.000E+00    0.000E+00    0.000E+00
     0.750     0.700    0.127E+00    0.178E-01    0.111E-01    0.538E-04    0.538E-04    0.213E-04    0.213E-04    0.000E+00    0.000E+00    0.000E+00    0.000E+00
     0.750     0.710    0.116E+00    0.155E-01    0.921E-02    0.412E-04    0.412E-04    0.164E-04    0.164E-04    0.000E+00    0.000E+00    0.000E+00    0.000E+00
     0.750     0.720    0.105E+00    0.134E-01    0.761E-02    0.313E-04    0.313E-04    0.126E-04    0.126E-04    0.000E+00    0.000E+00    0.000E+00    0.000E+00
     0.750     0.730    0.943E-01    0.115E-01    0.622E-02    0.235E-04    0.235E-04    0.953E-05    0.953E-05    0.239E-07    0.239E-07    0.000E+00    0.000E+00
     0.750     0.740    0.844E-01    0.990E-02    0.504E-02    0.175E-04    0.175E-04    0.715E-05    0.715E-05    0.992E-08    0.992E-08    0.000E+00    0.000E+00
     0.750     0.750    0.752E-01    0.846E-02    0.404E-02    0.128E-04    0.128E-04    0.530E-05    0.530E-05    0.000E+00    0.000E+00    0.000E+00    0.000E+00
     0.750     0.760    0.666E-01    0.721E-02    0.320E-02    0.928E-05    0.928E-05    0.388E-05    0.388E-05    0.000E+00    0.000E+00    0.000E+00    0.000E+00
     0.750     0.770    0.587E-01    0.611E-02    0.251E-02    0.664E-05    0.664E-05    0.281E-05    0.281E-05    0.000E+00    0.000E+00    0.000E+00    0.000E+00
     0.750     0.780    0.513E-01    0.516E-02    0.193E-02    0.466E-05    0.466E-05    0.200E-05    0.200E-05    0.000E+00    0.000E+00    0.000E+00    0.000E+00
     0.750     0.790    0.445E-01    0.433E-02    0.147E-02    0.325E-05    0.325E-05    0.141E-05    0.141E-05    0.000E+00    0.000E+00    0.000E+00    0.000E+00
     0.750     0.800    0.383E-01    0.362E-02    0.110E-02    0.219E-05    0.219E-05    0.970E-06    0.970E-06    0.000E+00    0.000E+00    0.000E+00    0.000E+00
     0.750     0.810    0.327E-01    0.301E-02    0.807E-03    0.147E-05    0.147E-05    0.660E-06    0.660E-06    0.000E+00    0.000E+00    0.000E+00    0.000E+00
     0.750     0.820    0.277E-01    0.248E-02    0.580E-03    0.953E-06    0.953E-06    0.437E-06    0.437E-06    0.000E+00    0.000E+00    0.000E+00    0.000E+00
     0.750     0.830    0.231E-01    0.203E-02    0.407E-03    0.606E-06    0.606E-06    0.284E-06    0.284E-06    0.000E+00    0.000E+00    0.000E+00    0.000E+00
     0.750     0.840    0.191E-01    0.165E-02    0.279E-03    0.377E-06    0.377E-06    0.181E-06    0.181E-06    0.000E+00    0.000E+00    0.000E+00    0.000E+00
     0.750     0.850    0.156E-01    0.133E-02    0.184E-03    0.223E-06    0.223E-06    0.110E-06    0.110E-06    0.000E+00    0.000E+00    0.000E+00    0.000E+00
     0.750     0.860    0.125E-01    0.106E-02    0.119E-03    0.133E-06    0.133E-06    0.670E-07    0.670E-07    0.000E+00    0.000E+00    0.000E+00    0.000E+00
     0.750     0.870    0.983E-02    0.829E-03    0.722E-04    0.711E-07    0.711E-07    0.374E-07    0.374E-07    0.000E+00    0.000E+00    0.000E+00    0.000E+00
     0.750     0.880    0.759E-02    0.639E-03    0.423E-04    0.385E-07    0.385E-07    0.210E-07    0.210E-07    0.000E+00    0.000E+00    0.000E+00    0.000E+00
     0.750     0.890    0.571E-02    0.482E-03    0.228E-04    0.187E-07    0.187E-07    0.107E-07    0.107E-07    0.000E+00    0.000E+00    0.000E+00    0.000E+00
     0.750     0.900    0.418E-02    0.354E-03    0.112E-04    0.846E-08    0.846E-08    0.515E-08    0.515E-08    0.000E+00    0.000E+00    0.000E+00    0.000E+00
     0.750     0.910    0.295E-02    0.253E-03    0.497E-05    0.383E-08    0.383E-08    0.240E-08    0.240E-08    0.000E+00    0.000E+00    0.000E+00    0.000E+00
     0.750     0.920    0.200E-02    0.173E-03    0.152E-05    0.112E-08    0.112E-08    0.735E-09    0.735E-09    0.000E+00    0.000E+00    0.000E+00    0.000E+00
     0.750     0.930    0.128E-02    0.112E-03    0.410E-06    0.552E-09    0.552E-09    0.238E-09    0.238E-09    0.000E+00    0.000E+00    0.000E+00    0.000E+00
     0.750     0.940    0.762E-03    0.679E-04    0.000E+00    0.000E+00    0.000E+00    0.000E+00    0.000E+00    0.000E+00    0.000E+00    0.000E+00    0.000E+00
     0.750     0.950    0.409E-03    0.370E-04    0.000E+00    0.000E+00    0.000E+00    0.000E+00    0.000E+00    0.000E+00    0.000E+00    0.000E+00    0.000E+00
     0.750     0.960    0.174E-03    0.161E-04    0.000E+00    0.000E+00    0.000E+00    0.000E+00    0.000E+00    0.000E+00    0.000E+00    0.000E+00    0.000E+00
     0.750     0.970    0.374E-04    0.357E-05    0.000E+00    0.000E+00    0.000E+00    0.000E+00    0.000E+00    0.000E+00    0.000E+00    0.000E+00    0.000E+00
     0.750     0.980    0.000E+00    0.000E+00    0.498E-07    0.248E-10    0.248E-10    0.126E-10    0.126E-10    0.000E+00    0.000E+00    0.000E+00    0.000E+00
     0.750     0.990    0.000E+00    0.000E+00    0.925E-07    0.496E-10    0.496E-10    0.234E-10    0.234E-10    0.000E+00    0.000E+00    0.000E+00    0.000E+00

