     Q**2          x         u           d           g          ub          db          sb          s          cb          c          bb          b
     0.750     0.010    0.320E+00    0.292E+00    0.000E+00    0.194E+00    0.216E+00    0.559E-01    0.559E-01    0.000E+00    0.000E+00    0.000E+00    0.000E+00
     0.750     0.020    0.337E+00    0.313E+00    0.361E+00    0.165E+00    0.186E+00    0.479E-01    0.479E-01    0.000E+00    0.000E+00    0.000E+00    0.000E+00
     0.750     0.030    0.362E+00    0.331E+00    0.704E+00    0.150E+00    0.166E+00    0.435E-01    0.435E-01    0.000E+00    0.000E+00    0.000E+00    0.000E+00
     0.750     0.040    0.388E+00    0.346E+00    0.902E+00    0.140E+00    0.152E+00    0.406E-01    0.406E-01    0.000E+00    0.000E+00    0.000E+00    0.000E+00
     0.750     0.050    0.414E+00    0.359E+00    0.105E+01    0.131E+00    0.141E+00    0.382E-01    0.382E-01    0.000E+00    0.000E+00    0.000E+00    0.000E+00
     0.750     0.060    0.438E+00    0.370E+00    0.114E+01    0.122E+00    0.133E+00    0.363E-01    0.363E-01    0.000E+00    0.000E+00    0.000E+00    0.000E+00
     0.750     0.070    0.462E+00    0.380E+00    0.121E+01    0.114E+00    0.126E+00    0.346E-01    0.346E-01    0.000E+00    0.000E+00    0.000E+00    0.000E+00
     0.750     0.080    0.484E+00    0.388E+00    0.126E+01    0.105E+00    0.121E+00    0.331E-01    0.331E-01    0.000E+00    0.000E+00    0.000E+00    0.000E+00
     0.750     0.090    0.505E+00    0.395E+00    0.129E+01    0.972E-01    0.117E+00    0.316E-01    0.316E-01    0.000E+00    0.000E+00    0.000E+00    0.000E+00
     0.750     0.100    0.526E+00    0.401E+00    0.131E+01    0.895E-01    0.114E+00    0.303E-01    0.303E-01    0.000E+00    0.000E+00    0.000E+00    0.000E+00
     0.750     0.110    0.546E+00    0.406E+00    0.131E+01    0.825E-01    0.110E+00    0.291E-01    0.291E-01    0.000E+00    0.000E+00    0.000E+00    0.000E+00
     0.750     0.120    0.565E+00    0.410E+00    0.131E+01    0.761E-01    0.107E+00    0.279E-01    0.279E-01    0.000E+00    0.000E+00    0.000E+00    0.000E+00
     0.750     0.130    0.584E+00    0.413E+00    0.129E+01    0.704E-01    0.103E+00    0.268E-01    0.268E-01    0.000E+00    0.000E+00    0.000E+00    0.000E+00
     0.750     0.140    0.602E+00    0.414E+00    0.128E+01    0.654E-01    0.995E-01    0.257E-01    0.257E-01    0.000E+00    0.000E+00    0.000E+00    0.000E+00
     0.750     0.150    0.619E+00    0.415E+00    0.125E+01    0.610E-01    0.956E-01    0.246E-01    0.246E-01    0.000E+00    0.000E+00    0.000E+00    0.000E+00
     0.750     0.160    0.635E+00    0.415E+00    0.122E+01    0.571E-01    0.916E-01    0.236E-01    0.236E-01    0.000E+00    0.000E+00    0.000E+00    0.000E+00
     0.750     0.170    0.651E+00    0.415E+00    0.119E+01    0.537E-01    0.875E-01    0.227E-01    0.227E-01    0.000E+00    0.000E+00    0.000E+00    0.000E+00
     0.750     0.180    0.665E+00    0.413E+00    0.115E+01    0.507E-01    0.833E-01    0.217E-01    0.217E-01    0.000E+00    0.000E+00    0.000E+00    0.000E+00
     0.750     0.190    0.678E+00    0.411E+00    0.111E+01    0.481E-01    0.791E-01    0.208E-01    0.208E-01    0.000E+00    0.000E+00    0.000E+00    0.000E+00
     0.750     0.200    0.689E+00    0.408E+00    0.107E+01    0.458E-01    0.749E-01    0.199E-01    0.199E-01    0.000E+00    0.000E+00    0.000E+00    0.000E+00
     0.750     0.210    0.700E+00    0.405E+00    0.103E+01    0.437E-01    0.707E-01    0.190E-01    0.190E-01    0.000E+00    0.000E+00    0.000E+00    0.000E+00
     0.750     0.220    0.709E+00    0.401E+00    0.985E+00    0.419E-01    0.666E-01    0.182E-01    0.182E-01    0.000E+00    0.000E+00    0.000E+00    0.000E+00
     0.750     0.230    0.717E+00    0.397E+00    0.941E+00    0.401E-01    0.626E-01    0.173E-01    0.173E-01    0.000E+00    0.000E+00    0.000E+00    0.000E+00
     0.750     0.240    0.724E+00    0.392E+00    0.897E+00    0.386E-01    0.587E-01    0.165E-01    0.165E-01    0.000E+00    0.000E+00    0.000E+00    0.000E+00
     0.750     0.250    0.729E+00    0.387E+00    0.852E+00    0.371E-01    0.549E-01    0.158E-01    0.158E-01    0.000E+00    0.000E+00    0.000E+00    0.000E+00
     0.750     0.260    0.733E+00    0.381E+00    0.809E+00    0.356E-01    0.513E-01    0.150E-01    0.150E-01    0.000E+00    0.000E+00    0.000E+00    0.000E+00
     0.750     0.270    0.736E+00    0.375E+00    0.765E+00    0.343E-01    0.479E-01    0.143E-01    0.143E-01    0.000E+00    0.000E+00    0.000E+00    0.000E+00
     0.750     0.280    0.737E+00    0.369E+00    0.723E+00    0.329E-01    0.447E-01    0.136E-01    0.136E-01    0.000E+00    0.000E+00    0.000E+00    0.000E+00
     0.750     0.290    0.737E+00    0.362E+00    0.681E+00    0.316E-01    0.416E-01    0.129E-01    0.129E-01    0.000E+00    0.000E+00    0.000E+00    0.000E+00
     0.750     0.300    0.736E+00    0.354E+00    0.640E+00    0.302E-01    0.387E-01    0.122E-01    0.122E-01    0.000E+00    0.000E+00    0.000E+00    0.000E+00
     0.750     0.310    0.733E+00    0.347E+00    0.600E+00    0.289E-01    0.360E-01    0.116E-01    0.116E-01    0.000E+00    0.000E+00    0.000E+00    0.000E+00
     0.750     0.320    0.729E+00    0.339E+00    0.562E+00    0.276E-01    0.334E-01    0.109E-01    0.109E-01    0.000E+00    0.000E+00    0.000E+00    0.000E+00
     0.750     0.330    0.724E+00    0.330E+00    0.525E+00    0.263E-01    0.310E-01    0.103E-01    0.103E-01    0.000E+00    0.000E+00    0.000E+00    0.000E+00
     0.750     0.340    0.718E+00    0.322E+00    0.489E+00    0.250E-01    0.288E-01    0.974E-02    0.974E-02    0.000E+00    0.000E+00    0.000E+00    0.000E+00
     0.750     0.350    0.711E+00    0.313E+00    0.455E+00    0.237E-01    0.268E-01    0.917E-02    0.917E-02    0.000E+00    0.000E+00    0.000E+00    0.000E+00
     0.750     0.360    0.703E+00    0.304E+00    0.422E+00    0.224E-01    0.248E-01    0.863E-02    0.863E-02    0.000E+00    0.000E+00    0.000E+00    0.000E+00
     0.750     0.370    0.693E+00    0.294E+00    0.391E+00    0.211E-01    0.230E-01    0.811E-02    0.811E-02    0.000E+00    0.000E+00    0.000E+00    0.000E+00
     0.750     0.380    0.683E+00    0.285E+00    0.361E+00    0.199E-01    0.214E-01    0.761E-02    0.761E-02    0.000E+00    0.000E+00    0.000E+00    0.000E+00
     0.750     0.390    0.672E+00    0.275E+00    0.333E+00    0.187E-01    0.198E-01    0.713E-02    0.713E-02    0.000E+00    0.000E+00    0.000E+00    0.000E+00
     0.750     0.400    0.660E+00    0.265E+00    0.306E+00    0.175E-01    0.184E-01    0.667E-02    0.667E-02    0.000E+00    0.000E+00    0.000E+00    0.000E+00
     0.750     0.410    0.648E+00    0.255E+00    0.281E+00    0.164E-01    0.170E-01    0.623E-02    0.623E-02    0.000E+00    0.000E+00    0.000E+00    0.000E+00
     0.750     0.420    0.635E+00    0.245E+00    0.257E+00    0.152E-01    0.157E-01    0.580E-02    0.580E-02    0.000E+00    0.000E+00    0.000E+00    0.000E+00
     0.750     0.430    0.621E+00    0.235E+00    0.235E+00    0.142E-01    0.145E-01    0.540E-02    0.540E-02    0.000E+00    0.000E+00    0.000E+00    0.000E+00
     0.750     0.440    0.606E+00    0.224E+00    0.214E+00    0.132E-01    0.134E-01    0.502E-02    0.502E-02    0.000E+00    0.000E+00    0.000E+00    0.000E+00
     0.750     0.450    0.591E+00    0.214E+00    0.194E+00    0.122E-01    0.124E-01    0.465E-02    0.465E-02    0.000E+00    0.000E+00    0.000E+00    0.000E+00
     0.750     0.460    0.575E+00    0.204E+00    0.176E+00    0.113E-01    0.114E-01    0.430E-02    0.430E-02    0.000E+00    0.000E+00    0.000E+00    0.000E+00
     0.750     0.470    0.559E+00    0.194E+00    0.159E+00    0.104E-01    0.105E-01    0.397E-02    0.397E-02    0.000E+00    0.000E+00    0.000E+00    0.000E+00
     0.750     0.480    0.543E+00    0.183E+00    0.143E+00    0.956E-02    0.962E-02    0.366E-02    0.366E-02    0.000E+00    0.000E+00    0.000E+00    0.000E+00
     0.750     0.490    0.526E+00    0.173E+00    0.129E+00    0.877E-02    0.881E-02    0.337E-02    0.337E-02    0.000E+00    0.000E+00    0.000E+00    0.000E+00
     0.750     0.500    0.509E+00    0.164E+00    0.115E+00    0.803E-02    0.806E-02    0.309E-02    0.309E-02    0.000E+00    0.000E+00    0.000E+00    0.000E+00
     0.750     0.510    0.491E+00    0.154E+00    0.103E+00    0.733E-02    0.735E-02    0.282E-02    0.282E-02    0.000E+00    0.000E+00    0.000E+00    0.000E+00
     0.750     0.520    0.474E+00    0.144E+00    0.916E-01    0.667E-02    0.669E-02    0.258E-02    0.258E-02    0.000E+00    0.000E+00    0.000E+00    0.000E+00
     0.750     0.530    0.456E+00    0.135E+00    0.813E-01    0.606E-02    0.607E-02    0.234E-02    0.234E-02    0.000E+00    0.000E+00    0.000E+00    0.000E+00
     0.750     0.540    0.438E+00    0.126E+00    0.719E-01    0.549E-02    0.549E-02    0.213E-02    0.213E-02    0.000E+00    0.000E+00    0.000E+00    0.000E+00
     0.750     0.550    0.420E+00    0.117E+00    0.634E-01    0.495E-02    0.496E-02    0.192E-02    0.192E-02    0.000E+00    0.000E+00    0.000E+00    0.000E+00
     0.750     0.560    0.402E+00    0.109E+00    0.557E-01    0.446E-02    0.446E-02    0.173E-02    0.173E-02    0.000E+00    0.000E+00    0.000E+00    0.000E+00
     0.750     0.570    0.384E+00    0.101E+00    0.487E-01    0.400E-02    0.400E-02    0.156E-02    0.156E-02    0.000E+00    0.000E+00    0.000E+00    0.000E+00
     0.750     0.580    0.366E+00    0.928E-01    0.424E-01    0.357E-02    0.357E-02    0.139E-02    0.139E-02    0.000E+00    0.000E+00    0.000E+00    0.000E+00
     0.750     0.590    0.349E+00    0.853E-01    0.368E-01    0.318E-02    0.318E-02    0.124E-02    0.124E-02    0.000E+00    0.000E+00    0.000E+00    0.000E+00
     0.750     0.600    0.331E+00    0.781E-01    0.318E-01    0.281E-02    0.281E-02    0.110E-02    0.110E-02    0.000E+00    0.000E+00    0.000E+00    0.000E+00
     0.750     0.610    0.314E+00    0.713E-01    0.273E-01    0.248E-02    0.248E-02    0.971E-03    0.971E-03    0.000E+00    0.000E+00    0.000E+00    0.000E+00
     0.750     0.620    0.296E+00    0.648E-01    0.234E-01    0.217E-02    0.217E-02    0.853E-03    0.853E-03    0.000E+00    0.000E+00    0.000E+00    0.000E+00
     0.750     0.630    0.280E+00    0.587E-01    0.199E-01    0.190E-02    0.190E-02    0.744E-03    0.744E-03    0.000E+00    0.000E+00    0.000E+00    0.000E+00
     0.750     0.640    0.263E+00    0.530E-01    0.169E-01    0.164E-02    0.164E-02    0.645E-03    0.645E-03    0.000E+00    0.000E+00    0.000E+00    0.000E+00
     0.750     0.650    0.247E+00    0.476E-01    0.142E-01    0.141E-02    0.141E-02    0.556E-03    0.556E-03    0.000E+00    0.000E+00    0.000E+00    0.000E+00
     0.750     0.660    0.231E+00    0.426E-01    0.119E-01    0.120E-02    0.120E-02    0.474E-03    0.474E-03    0.000E+00    0.000E+00    0.000E+00    0.000E+00
     0.750     0.670    0.215E+00    0.379E-01    0.988E-02    0.102E-02    0.102E-02    0.401E-03    0.401E-03    0.000E+00    0.000E+00    0.000E+00    0.000E+00
     0.750     0.680    0.200E+00    0.336E-01    0.815E-02    0.852E-03    0.852E-03    0.336E-03    0.336E-03    0.000E+00    0.000E+00    0.000E+00    0.000E+00
     0.750     0.690    0.186E+00    0.296E-01    0.668E-02    0.703E-03    0.703E-03    0.278E-03    0.278E-03    0.000E+00    0.000E+00    0.000E+00    0.000E+00
     0.750     0.700    0.172E+00    0.260E-01    0.543E-02    0.572E-03    0.572E-03    0.226E-03    0.226E-03    0.000E+00    0.000E+00    0.000E+00    0.000E+00
     0.750     0.710    0.158E+00    0.226E-01    0.438E-02    0.457E-03    0.457E-03    0.181E-03    0.181E-03    0.000E+00    0.000E+00    0.000E+00    0.000E+00
     0.750     0.720    0.145E+00    0.196E-01    0.350E-02    0.357E-03    0.357E-03    0.141E-03    0.141E-03    0.000E+00    0.000E+00    0.000E+00    0.000E+00
     0.750     0.730    0.132E+00    0.169E-01    0.276E-02    0.270E-03    0.270E-03    0.107E-03    0.107E-03    0.000E+00    0.000E+00    0.000E+00    0.000E+00
     0.750     0.740    0.120E+00    0.144E-01    0.216E-02    0.196E-03    0.196E-03    0.773E-04    0.773E-04    0.000E+00    0.000E+00    0.000E+00    0.000E+00
     0.750     0.750    0.109E+00    0.122E-01    0.166E-02    0.132E-03    0.132E-03    0.521E-04    0.521E-04    0.000E+00    0.000E+00    0.000E+00    0.000E+00
     0.750     0.760    0.981E-01    0.103E-01    0.127E-02    0.794E-04    0.794E-04    0.312E-04    0.312E-04    0.000E+00    0.000E+00    0.000E+00    0.000E+00
     0.750     0.770    0.879E-01    0.857E-02    0.950E-03    0.398E-04    0.398E-04    0.155E-04    0.155E-04    0.000E+00    0.000E+00    0.000E+00    0.000E+00
     0.750     0.780    0.782E-01    0.708E-02    0.699E-03    0.141E-04    0.141E-04    0.549E-05    0.549E-05    0.000E+00    0.000E+00    0.000E+00    0.000E+00
     0.750     0.790    0.692E-01    0.579E-02    0.506E-03    0.000E+00    0.000E+00    0.000E+00    0.000E+00    0.000E+00    0.000E+00    0.000E+00    0.000E+00
     0.750     0.800    0.608E-01    0.471E-02    0.356E-03    0.000E+00    0.000E+00    0.000E+00    0.000E+00    0.000E+00    0.000E+00    0.000E+00    0.000E+00
     0.750     0.810    0.531E-01    0.379E-02    0.245E-03    0.000E+00    0.000E+00    0.000E+00    0.000E+00    0.000E+00    0.000E+00    0.000E+00    0.000E+00
     0.750     0.820    0.459E-01    0.301E-02    0.162E-03    0.000E+00    0.000E+00    0.000E+00    0.000E+00    0.000E+00    0.000E+00    0.000E+00    0.000E+00
     0.750     0.830    0.393E-01    0.236E-02    0.103E-03    0.000E+00    0.000E+00    0.000E+00    0.000E+00    0.000E+00    0.000E+00    0.000E+00    0.000E+00
     0.750     0.840    0.333E-01    0.182E-02    0.621E-04    0.000E+00    0.000E+00    0.000E+00    0.000E+00    0.000E+00    0.000E+00    0.000E+00    0.000E+00
     0.750     0.850    0.279E-01    0.138E-02    0.342E-04    0.000E+00    0.000E+00    0.000E+00    0.000E+00    0.000E+00    0.000E+00    0.000E+00    0.000E+00
     0.750     0.860    0.230E-01    0.103E-02    0.169E-04    0.000E+00    0.000E+00    0.000E+00    0.000E+00    0.000E+00    0.000E+00    0.000E+00    0.000E+00
     0.750     0.870    0.187E-01    0.747E-03    0.578E-05    0.000E+00    0.000E+00    0.000E+00    0.000E+00    0.000E+00    0.000E+00    0.000E+00    0.000E+00
     0.750     0.880    0.149E-01    0.533E-03    0.188E-06    0.000E+00    0.000E+00    0.000E+00    0.000E+00    0.000E+00    0.000E+00    0.000E+00    0.000E+00
     0.750     0.890    0.117E-01    0.369E-03    0.000E+00    0.000E+00    0.000E+00    0.000E+00    0.000E+00    0.000E+00    0.000E+00    0.000E+00    0.000E+00
     0.750     0.900    0.889E-02    0.248E-03    0.000E+00    0.000E+00    0.000E+00    0.000E+00    0.000E+00    0.000E+00    0.000E+00    0.000E+00    0.000E+00
     0.750     0.910    0.657E-02    0.161E-03    0.000E+00    0.000E+00    0.000E+00    0.000E+00    0.000E+00    0.000E+00    0.000E+00    0.000E+00    0.000E+00
     0.750     0.920    0.468E-02    0.996E-04    0.000E+00    0.000E+00    0.000E+00    0.000E+00    0.000E+00    0.000E+00    0.000E+00    0.000E+00    0.000E+00
     0.750     0.930    0.318E-02    0.595E-04    0.000E+00    0.000E+00    0.000E+00    0.000E+00    0.000E+00    0.000E+00    0.000E+00    0.000E+00    0.000E+00
     0.750     0.940    0.203E-02    0.323E-04    0.000E+00    0.000E+00    0.000E+00    0.000E+00    0.000E+00    0.000E+00    0.000E+00    0.000E+00    0.000E+00
     0.750     0.950    0.117E-02    0.165E-04    0.000E+00    0.000E+00    0.000E+00    0.000E+00    0.000E+00    0.000E+00    0.000E+00    0.000E+00    0.000E+00
     0.750     0.960    0.547E-03    0.661E-05    0.000E+00    0.865E-07    0.865E-07    0.346E-07    0.346E-07    0.000E+00    0.000E+00    0.000E+00    0.000E+00
     0.750     0.970    0.132E-03    0.124E-05    0.000E+00    0.208E-06    0.208E-06    0.832E-07    0.832E-07    0.972E-12    0.972E-12    0.000E+00    0.000E+00
     0.750     0.980    0.000E+00    0.000E+00    0.187E-07    0.276E-06    0.276E-06    0.110E-06    0.110E-06    0.000E+00    0.000E+00    0.000E+00    0.000E+00
     0.750     0.990    0.000E+00    0.000E+00    0.172E-07    0.228E-06    0.228E-06    0.913E-07    0.913E-07    0.000E+00    0.000E+00    0.000E+00    0.000E+00

