     Q**2          x         u           d           g          ub          db          sb          s          cb          c          bb          b
     0.750     0.010    0.321E+00    0.292E+00    0.000E+00    0.195E+00    0.217E+00    0.563E-01    0.563E-01    0.000E+00    0.000E+00    0.000E+00    0.000E+00
     0.750     0.020    0.338E+00    0.313E+00    0.360E+00    0.166E+00    0.187E+00    0.483E-01    0.483E-01    0.000E+00    0.000E+00    0.000E+00    0.000E+00
     0.750     0.030    0.362E+00    0.331E+00    0.703E+00    0.151E+00    0.167E+00    0.438E-01    0.438E-01    0.000E+00    0.000E+00    0.000E+00    0.000E+00
     0.750     0.040    0.389E+00    0.346E+00    0.900E+00    0.141E+00    0.153E+00    0.409E-01    0.409E-01    0.000E+00    0.000E+00    0.000E+00    0.000E+00
     0.750     0.050    0.415E+00    0.359E+00    0.104E+01    0.132E+00    0.141E+00    0.385E-01    0.385E-01    0.000E+00    0.000E+00    0.000E+00    0.000E+00
     0.750     0.060    0.439E+00    0.370E+00    0.114E+01    0.123E+00    0.133E+00    0.366E-01    0.366E-01    0.000E+00    0.000E+00    0.000E+00    0.000E+00
     0.750     0.070    0.463E+00    0.379E+00    0.121E+01    0.115E+00    0.126E+00    0.348E-01    0.348E-01    0.000E+00    0.000E+00    0.000E+00    0.000E+00
     0.750     0.080    0.486E+00    0.388E+00    0.126E+01    0.107E+00    0.121E+00    0.333E-01    0.333E-01    0.000E+00    0.000E+00    0.000E+00    0.000E+00
     0.750     0.090    0.507E+00    0.395E+00    0.129E+01    0.988E-01    0.117E+00    0.318E-01    0.318E-01    0.000E+00    0.000E+00    0.000E+00    0.000E+00
     0.750     0.100    0.528E+00    0.401E+00    0.131E+01    0.912E-01    0.113E+00    0.305E-01    0.305E-01    0.000E+00    0.000E+00    0.000E+00    0.000E+00
     0.750     0.110    0.548E+00    0.406E+00    0.131E+01    0.842E-01    0.109E+00    0.292E-01    0.292E-01    0.000E+00    0.000E+00    0.000E+00    0.000E+00
     0.750     0.120    0.568E+00    0.410E+00    0.130E+01    0.778E-01    0.105E+00    0.280E-01    0.280E-01    0.000E+00    0.000E+00    0.000E+00    0.000E+00
     0.750     0.130    0.586E+00    0.413E+00    0.129E+01    0.721E-01    0.102E+00    0.269E-01    0.269E-01    0.000E+00    0.000E+00    0.000E+00    0.000E+00
     0.750     0.140    0.604E+00    0.415E+00    0.127E+01    0.670E-01    0.981E-01    0.257E-01    0.257E-01    0.000E+00    0.000E+00    0.000E+00    0.000E+00
     0.750     0.150    0.621E+00    0.416E+00    0.125E+01    0.625E-01    0.942E-01    0.247E-01    0.247E-01    0.000E+00    0.000E+00    0.000E+00    0.000E+00
     0.750     0.160    0.637E+00    0.416E+00    0.122E+01    0.585E-01    0.902E-01    0.236E-01    0.236E-01    0.000E+00    0.000E+00    0.000E+00    0.000E+00
     0.750     0.170    0.652E+00    0.415E+00    0.118E+01    0.550E-01    0.861E-01    0.227E-01    0.227E-01    0.000E+00    0.000E+00    0.000E+00    0.000E+00
     0.750     0.180    0.667E+00    0.414E+00    0.115E+01    0.519E-01    0.820E-01    0.217E-01    0.217E-01    0.000E+00    0.000E+00    0.000E+00    0.000E+00
     0.750     0.190    0.679E+00    0.412E+00    0.111E+01    0.491E-01    0.778E-01    0.207E-01    0.207E-01    0.000E+00    0.000E+00    0.000E+00    0.000E+00
     0.750     0.200    0.691E+00    0.409E+00    0.107E+01    0.467E-01    0.737E-01    0.198E-01    0.198E-01    0.000E+00    0.000E+00    0.000E+00    0.000E+00
     0.750     0.210    0.702E+00    0.406E+00    0.103E+01    0.445E-01    0.695E-01    0.189E-01    0.189E-01    0.000E+00    0.000E+00    0.000E+00    0.000E+00
     0.750     0.220    0.711E+00    0.402E+00    0.983E+00    0.425E-01    0.655E-01    0.181E-01    0.181E-01    0.000E+00    0.000E+00    0.000E+00    0.000E+00
     0.750     0.230    0.719E+00    0.398E+00    0.939E+00    0.407E-01    0.615E-01    0.172E-01    0.172E-01    0.000E+00    0.000E+00    0.000E+00    0.000E+00
     0.750     0.240    0.725E+00    0.393E+00    0.895E+00    0.390E-01    0.577E-01    0.164E-01    0.164E-01    0.000E+00    0.000E+00    0.000E+00    0.000E+00
     0.750     0.250    0.730E+00    0.388E+00    0.851E+00    0.374E-01    0.540E-01    0.156E-01    0.156E-01    0.000E+00    0.000E+00    0.000E+00    0.000E+00
     0.750     0.260    0.734E+00    0.383E+00    0.807E+00    0.359E-01    0.505E-01    0.149E-01    0.149E-01    0.000E+00    0.000E+00    0.000E+00    0.000E+00
     0.750     0.270    0.737E+00    0.376E+00    0.764E+00    0.344E-01    0.471E-01    0.141E-01    0.141E-01    0.000E+00    0.000E+00    0.000E+00    0.000E+00
     0.750     0.280    0.738E+00    0.370E+00    0.721E+00    0.330E-01    0.439E-01    0.134E-01    0.134E-01    0.000E+00    0.000E+00    0.000E+00    0.000E+00
     0.750     0.290    0.738E+00    0.363E+00    0.680E+00    0.315E-01    0.409E-01    0.127E-01    0.127E-01    0.000E+00    0.000E+00    0.000E+00    0.000E+00
     0.750     0.300    0.737E+00    0.356E+00    0.639E+00    0.302E-01    0.380E-01    0.120E-01    0.120E-01    0.000E+00    0.000E+00    0.000E+00    0.000E+00
     0.750     0.310    0.734E+00    0.348E+00    0.599E+00    0.288E-01    0.353E-01    0.114E-01    0.114E-01    0.000E+00    0.000E+00    0.000E+00    0.000E+00
     0.750     0.320    0.730E+00    0.340E+00    0.561E+00    0.274E-01    0.328E-01    0.108E-01    0.108E-01    0.000E+00    0.000E+00    0.000E+00    0.000E+00
     0.750     0.330    0.725E+00    0.332E+00    0.524E+00    0.261E-01    0.305E-01    0.102E-01    0.102E-01    0.000E+00    0.000E+00    0.000E+00    0.000E+00
     0.750     0.340    0.719E+00    0.323E+00    0.488E+00    0.247E-01    0.283E-01    0.957E-02    0.957E-02    0.000E+00    0.000E+00    0.000E+00    0.000E+00
     0.750     0.350    0.712E+00    0.314E+00    0.454E+00    0.234E-01    0.262E-01    0.901E-02    0.901E-02    0.000E+00    0.000E+00    0.000E+00    0.000E+00
     0.750     0.360    0.703E+00    0.305E+00    0.422E+00    0.221E-01    0.243E-01    0.846E-02    0.846E-02    0.000E+00    0.000E+00    0.000E+00    0.000E+00
     0.750     0.370    0.694E+00    0.295E+00    0.390E+00    0.208E-01    0.225E-01    0.794E-02    0.794E-02    0.000E+00    0.000E+00    0.000E+00    0.000E+00
     0.750     0.380    0.684E+00    0.286E+00    0.361E+00    0.195E-01    0.209E-01    0.744E-02    0.744E-02    0.000E+00    0.000E+00    0.000E+00    0.000E+00
     0.750     0.390    0.673E+00    0.276E+00    0.332E+00    0.183E-01    0.193E-01    0.696E-02    0.696E-02    0.000E+00    0.000E+00    0.000E+00    0.000E+00
     0.750     0.400    0.661E+00    0.266E+00    0.306E+00    0.171E-01    0.179E-01    0.650E-02    0.650E-02    0.000E+00    0.000E+00    0.000E+00    0.000E+00
     0.750     0.410    0.649E+00    0.256E+00    0.280E+00    0.160E-01    0.166E-01    0.606E-02    0.606E-02    0.000E+00    0.000E+00    0.000E+00    0.000E+00
     0.750     0.420    0.635E+00    0.246E+00    0.257E+00    0.149E-01    0.153E-01    0.564E-02    0.564E-02    0.000E+00    0.000E+00    0.000E+00    0.000E+00
     0.750     0.430    0.621E+00    0.235E+00    0.234E+00    0.138E-01    0.141E-01    0.524E-02    0.524E-02    0.000E+00    0.000E+00    0.000E+00    0.000E+00
     0.750     0.440    0.607E+00    0.225E+00    0.213E+00    0.128E-01    0.130E-01    0.486E-02    0.486E-02    0.000E+00    0.000E+00    0.000E+00    0.000E+00
     0.750     0.450    0.591E+00    0.214E+00    0.194E+00    0.118E-01    0.120E-01    0.449E-02    0.449E-02    0.000E+00    0.000E+00    0.000E+00    0.000E+00
     0.750     0.460    0.576E+00    0.204E+00    0.176E+00    0.109E-01    0.110E-01    0.415E-02    0.415E-02    0.000E+00    0.000E+00    0.000E+00    0.000E+00
     0.750     0.470    0.560E+00    0.194E+00    0.159E+00    0.100E-01    0.101E-01    0.382E-02    0.382E-02    0.000E+00    0.000E+00    0.000E+00    0.000E+00
     0.750     0.480    0.543E+00    0.184E+00    0.143E+00    0.919E-02    0.925E-02    0.351E-02    0.351E-02    0.000E+00    0.000E+00    0.000E+00    0.000E+00
     0.750     0.490    0.526E+00    0.174E+00    0.129E+00    0.841E-02    0.845E-02    0.322E-02    0.322E-02    0.000E+00    0.000E+00    0.000E+00    0.000E+00
     0.750     0.500    0.509E+00    0.164E+00    0.115E+00    0.768E-02    0.771E-02    0.295E-02    0.295E-02    0.000E+00    0.000E+00    0.000E+00    0.000E+00
     0.750     0.510    0.492E+00    0.154E+00    0.103E+00    0.699E-02    0.701E-02    0.269E-02    0.269E-02    0.000E+00    0.000E+00    0.000E+00    0.000E+00
     0.750     0.520    0.474E+00    0.144E+00    0.916E-01    0.635E-02    0.636E-02    0.245E-02    0.245E-02    0.000E+00    0.000E+00    0.000E+00    0.000E+00
     0.750     0.530    0.456E+00    0.135E+00    0.813E-01    0.575E-02    0.575E-02    0.222E-02    0.222E-02    0.000E+00    0.000E+00    0.000E+00    0.000E+00
     0.750     0.540    0.438E+00    0.126E+00    0.719E-01    0.518E-02    0.519E-02    0.200E-02    0.200E-02    0.000E+00    0.000E+00    0.000E+00    0.000E+00
     0.750     0.550    0.420E+00    0.117E+00    0.634E-01    0.466E-02    0.467E-02    0.181E-02    0.181E-02    0.000E+00    0.000E+00    0.000E+00    0.000E+00
     0.750     0.560    0.402E+00    0.109E+00    0.557E-01    0.418E-02    0.418E-02    0.162E-02    0.162E-02    0.000E+00    0.000E+00    0.000E+00    0.000E+00
     0.750     0.570    0.384E+00    0.100E+00    0.487E-01    0.373E-02    0.373E-02    0.145E-02    0.145E-02    0.000E+00    0.000E+00    0.000E+00    0.000E+00
     0.750     0.580    0.367E+00    0.926E-01    0.424E-01    0.331E-02    0.331E-02    0.129E-02    0.129E-02    0.000E+00    0.000E+00    0.000E+00    0.000E+00
     0.750     0.590    0.349E+00    0.851E-01    0.368E-01    0.293E-02    0.293E-02    0.114E-02    0.114E-02    0.000E+00    0.000E+00    0.000E+00    0.000E+00
     0.750     0.600    0.331E+00    0.779E-01    0.318E-01    0.258E-02    0.258E-02    0.101E-02    0.101E-02    0.000E+00    0.000E+00    0.000E+00    0.000E+00
     0.750     0.610    0.314E+00    0.711E-01    0.274E-01    0.226E-02    0.226E-02    0.883E-03    0.883E-03    0.000E+00    0.000E+00    0.000E+00    0.000E+00
     0.750     0.620    0.297E+00    0.646E-01    0.234E-01    0.197E-02    0.197E-02    0.769E-03    0.769E-03    0.000E+00    0.000E+00    0.000E+00    0.000E+00
     0.750     0.630    0.280E+00    0.585E-01    0.199E-01    0.170E-02    0.170E-02    0.665E-03    0.665E-03    0.000E+00    0.000E+00    0.000E+00    0.000E+00
     0.750     0.640    0.263E+00    0.528E-01    0.169E-01    0.146E-02    0.146E-02    0.571E-03    0.571E-03    0.000E+00    0.000E+00    0.000E+00    0.000E+00
     0.750     0.650    0.247E+00    0.474E-01    0.142E-01    0.124E-02    0.124E-02    0.486E-03    0.486E-03    0.000E+00    0.000E+00    0.000E+00    0.000E+00
     0.750     0.660    0.231E+00    0.424E-01    0.119E-01    0.104E-02    0.104E-02    0.409E-03    0.409E-03    0.000E+00    0.000E+00    0.000E+00    0.000E+00
     0.750     0.670    0.216E+00    0.377E-01    0.989E-02    0.866E-03    0.866E-03    0.340E-03    0.340E-03    0.000E+00    0.000E+00    0.000E+00    0.000E+00
     0.750     0.680    0.200E+00    0.334E-01    0.816E-02    0.710E-03    0.710E-03    0.279E-03    0.279E-03    0.000E+00    0.000E+00    0.000E+00    0.000E+00
     0.750     0.690    0.186E+00    0.294E-01    0.669E-02    0.572E-03    0.572E-03    0.225E-03    0.225E-03    0.000E+00    0.000E+00    0.000E+00    0.000E+00
     0.750     0.700    0.172E+00    0.258E-01    0.544E-02    0.451E-03    0.451E-03    0.177E-03    0.177E-03    0.000E+00    0.000E+00    0.000E+00    0.000E+00
     0.750     0.710    0.158E+00    0.225E-01    0.438E-02    0.345E-03    0.345E-03    0.136E-03    0.136E-03    0.000E+00    0.000E+00    0.000E+00    0.000E+00
     0.750     0.720    0.145E+00    0.194E-01    0.350E-02    0.254E-03    0.254E-03    0.100E-03    0.100E-03    0.000E+00    0.000E+00    0.000E+00    0.000E+00
     0.750     0.730    0.132E+00    0.167E-01    0.277E-02    0.176E-03    0.176E-03    0.689E-04    0.689E-04    0.000E+00    0.000E+00    0.000E+00    0.000E+00
     0.750     0.740    0.120E+00    0.143E-01    0.216E-02    0.110E-03    0.110E-03    0.431E-04    0.431E-04    0.000E+00    0.000E+00    0.000E+00    0.000E+00
     0.750     0.750    0.109E+00    0.121E-01    0.167E-02    0.571E-04    0.571E-04    0.222E-04    0.222E-04    0.000E+00    0.000E+00    0.000E+00    0.000E+00
     0.750     0.760    0.982E-01    0.102E-01    0.127E-02    0.176E-04    0.176E-04    0.681E-05    0.681E-05    0.000E+00    0.000E+00    0.000E+00    0.000E+00
     0.750     0.770    0.879E-01    0.848E-02    0.953E-03    0.000E+00    0.000E+00    0.000E+00    0.000E+00    0.000E+00    0.000E+00    0.000E+00    0.000E+00
     0.750     0.780    0.783E-01    0.699E-02    0.702E-03    0.000E+00    0.000E+00    0.000E+00    0.000E+00    0.000E+00    0.000E+00    0.000E+00    0.000E+00
     0.750     0.790    0.693E-01    0.572E-02    0.508E-03    0.000E+00    0.000E+00    0.000E+00    0.000E+00    0.000E+00    0.000E+00    0.000E+00    0.000E+00
     0.750     0.800    0.609E-01    0.466E-02    0.358E-03    0.000E+00    0.000E+00    0.000E+00    0.000E+00    0.000E+00    0.000E+00    0.000E+00    0.000E+00
     0.750     0.810    0.531E-01    0.377E-02    0.246E-03    0.000E+00    0.000E+00    0.000E+00    0.000E+00    0.000E+00    0.000E+00    0.000E+00    0.000E+00
     0.750     0.820    0.459E-01    0.300E-02    0.163E-03    0.000E+00    0.000E+00    0.000E+00    0.000E+00    0.000E+00    0.000E+00    0.000E+00    0.000E+00
     0.750     0.830    0.393E-01    0.235E-02    0.104E-03    0.000E+00    0.000E+00    0.000E+00    0.000E+00    0.000E+00    0.000E+00    0.000E+00    0.000E+00
     0.750     0.840    0.333E-01    0.181E-02    0.627E-04    0.000E+00    0.000E+00    0.000E+00    0.000E+00    0.000E+00    0.000E+00    0.000E+00    0.000E+00
     0.750     0.850    0.279E-01    0.137E-02    0.346E-04    0.000E+00    0.000E+00    0.000E+00    0.000E+00    0.000E+00    0.000E+00    0.000E+00    0.000E+00
     0.750     0.860    0.230E-01    0.102E-02    0.172E-04    0.000E+00    0.000E+00    0.000E+00    0.000E+00    0.000E+00    0.000E+00    0.000E+00    0.000E+00
     0.750     0.870    0.187E-01    0.745E-03    0.600E-05    0.000E+00    0.000E+00    0.000E+00    0.000E+00    0.000E+00    0.000E+00    0.000E+00    0.000E+00
     0.750     0.880    0.149E-01    0.531E-03    0.335E-06    0.000E+00    0.000E+00    0.000E+00    0.000E+00    0.000E+00    0.000E+00    0.000E+00    0.000E+00
     0.750     0.890    0.117E-01    0.368E-03    0.000E+00    0.000E+00    0.000E+00    0.000E+00    0.000E+00    0.000E+00    0.000E+00    0.000E+00    0.000E+00
     0.750     0.900    0.890E-02    0.248E-03    0.000E+00    0.000E+00    0.000E+00    0.000E+00    0.000E+00    0.000E+00    0.000E+00    0.000E+00    0.000E+00
     0.750     0.910    0.658E-02    0.161E-03    0.000E+00    0.000E+00    0.000E+00    0.000E+00    0.000E+00    0.000E+00    0.000E+00    0.000E+00    0.000E+00
     0.750     0.920    0.468E-02    0.100E-03    0.000E+00    0.000E+00    0.000E+00    0.000E+00    0.000E+00    0.000E+00    0.000E+00    0.000E+00    0.000E+00
     0.750     0.930    0.318E-02    0.599E-04    0.000E+00    0.000E+00    0.000E+00    0.000E+00    0.000E+00    0.000E+00    0.000E+00    0.000E+00    0.000E+00
     0.750     0.940    0.203E-02    0.327E-04    0.000E+00    0.000E+00    0.000E+00    0.000E+00    0.000E+00    0.000E+00    0.000E+00    0.000E+00    0.000E+00
     0.750     0.950    0.117E-02    0.168E-04    0.000E+00    0.000E+00    0.000E+00    0.000E+00    0.000E+00    0.000E+00    0.000E+00    0.000E+00    0.000E+00
     0.750     0.960    0.547E-03    0.675E-05    0.000E+00    0.926E-07    0.926E-07    0.371E-07    0.371E-07    0.000E+00    0.000E+00    0.000E+00    0.000E+00
     0.750     0.970    0.131E-03    0.128E-05    0.000E+00    0.223E-06    0.223E-06    0.891E-07    0.891E-07    0.974E-12    0.974E-12    0.000E+00    0.000E+00
     0.750     0.980    0.000E+00    0.000E+00    0.187E-07    0.296E-06    0.296E-06    0.118E-06    0.118E-06    0.000E+00    0.000E+00    0.000E+00    0.000E+00
     0.750     0.990    0.000E+00    0.000E+00    0.174E-07    0.244E-06    0.244E-06    0.978E-07    0.978E-07    0.000E+00    0.000E+00    0.000E+00    0.000E+00

