     Q**2          x         u           d           g          ub          db          sb          s          cb          c          bb          b
     0.750     0.010    0.240E+00    0.202E+00    0.000E+00    0.123E+00    0.142E+00    0.677E-02    0.677E-02    0.000E+00    0.000E+00    0.000E+00    0.000E+00
     0.750     0.020    0.305E+00    0.260E+00    0.920E+00    0.118E+00    0.139E+00    0.156E-01    0.156E-01    0.000E+00    0.000E+00    0.000E+00    0.000E+00
     0.750     0.030    0.365E+00    0.309E+00    0.150E+01    0.120E+00    0.140E+00    0.229E-01    0.229E-01    0.000E+00    0.000E+00    0.000E+00    0.000E+00
     0.750     0.040    0.419E+00    0.348E+00    0.177E+01    0.123E+00    0.140E+00    0.286E-01    0.286E-01    0.000E+00    0.000E+00    0.000E+00    0.000E+00
     0.750     0.050    0.467E+00    0.379E+00    0.190E+01    0.123E+00    0.141E+00    0.329E-01    0.329E-01    0.000E+00    0.000E+00    0.000E+00    0.000E+00
     0.750     0.060    0.508E+00    0.403E+00    0.193E+01    0.121E+00    0.142E+00    0.359E-01    0.359E-01    0.000E+00    0.000E+00    0.000E+00    0.000E+00
     0.750     0.070    0.544E+00    0.423E+00    0.190E+01    0.117E+00    0.143E+00    0.379E-01    0.379E-01    0.000E+00    0.000E+00    0.000E+00    0.000E+00
     0.750     0.080    0.576E+00    0.438E+00    0.184E+01    0.112E+00    0.143E+00    0.390E-01    0.390E-01    0.000E+00    0.000E+00    0.000E+00    0.000E+00
     0.750     0.090    0.604E+00    0.450E+00    0.175E+01    0.106E+00    0.143E+00    0.395E-01    0.395E-01    0.000E+00    0.000E+00    0.000E+00    0.000E+00
     0.750     0.100    0.630E+00    0.458E+00    0.164E+01    0.992E-01    0.142E+00    0.394E-01    0.394E-01    0.000E+00    0.000E+00    0.000E+00    0.000E+00
     0.750     0.110    0.653E+00    0.464E+00    0.153E+01    0.928E-01    0.140E+00    0.389E-01    0.389E-01    0.000E+00    0.000E+00    0.000E+00    0.000E+00
     0.750     0.120    0.674E+00    0.467E+00    0.142E+01    0.866E-01    0.137E+00    0.381E-01    0.381E-01    0.000E+00    0.000E+00    0.000E+00    0.000E+00
     0.750     0.130    0.693E+00    0.468E+00    0.132E+01    0.808E-01    0.133E+00    0.370E-01    0.370E-01    0.000E+00    0.000E+00    0.000E+00    0.000E+00
     0.750     0.140    0.711E+00    0.468E+00    0.121E+01    0.756E-01    0.128E+00    0.357E-01    0.357E-01    0.000E+00    0.000E+00    0.000E+00    0.000E+00
     0.750     0.150    0.727E+00    0.467E+00    0.111E+01    0.708E-01    0.122E+00    0.342E-01    0.342E-01    0.000E+00    0.000E+00    0.000E+00    0.000E+00
     0.750     0.160    0.742E+00    0.464E+00    0.102E+01    0.665E-01    0.116E+00    0.326E-01    0.326E-01    0.000E+00    0.000E+00    0.000E+00    0.000E+00
     0.750     0.170    0.754E+00    0.461E+00    0.940E+00    0.625E-01    0.110E+00    0.310E-01    0.310E-01    0.000E+00    0.000E+00    0.000E+00    0.000E+00
     0.750     0.180    0.765E+00    0.457E+00    0.864E+00    0.589E-01    0.103E+00    0.293E-01    0.293E-01    0.000E+00    0.000E+00    0.000E+00    0.000E+00
     0.750     0.190    0.775E+00    0.452E+00    0.794E+00    0.556E-01    0.961E-01    0.276E-01    0.276E-01    0.000E+00    0.000E+00    0.000E+00    0.000E+00
     0.750     0.200    0.783E+00    0.447E+00    0.731E+00    0.525E-01    0.892E-01    0.259E-01    0.259E-01    0.000E+00    0.000E+00    0.000E+00    0.000E+00
     0.750     0.210    0.789E+00    0.441E+00    0.675E+00    0.496E-01    0.824E-01    0.242E-01    0.242E-01    0.000E+00    0.000E+00    0.000E+00    0.000E+00
     0.750     0.220    0.793E+00    0.435E+00    0.624E+00    0.469E-01    0.758E-01    0.225E-01    0.225E-01    0.000E+00    0.000E+00    0.000E+00    0.000E+00
     0.750     0.230    0.796E+00    0.429E+00    0.579E+00    0.443E-01    0.695E-01    0.209E-01    0.209E-01    0.000E+00    0.000E+00    0.000E+00    0.000E+00
     0.750     0.240    0.798E+00    0.422E+00    0.539E+00    0.417E-01    0.635E-01    0.194E-01    0.194E-01    0.000E+00    0.000E+00    0.000E+00    0.000E+00
     0.750     0.250    0.797E+00    0.415E+00    0.503E+00    0.393E-01    0.578E-01    0.179E-01    0.179E-01    0.000E+00    0.000E+00    0.000E+00    0.000E+00
     0.750     0.260    0.796E+00    0.407E+00    0.471E+00    0.369E-01    0.524E-01    0.165E-01    0.165E-01    0.000E+00    0.000E+00    0.000E+00    0.000E+00
     0.750     0.270    0.792E+00    0.399E+00    0.442E+00    0.346E-01    0.474E-01    0.152E-01    0.152E-01    0.000E+00    0.000E+00    0.000E+00    0.000E+00
     0.750     0.280    0.788E+00    0.391E+00    0.416E+00    0.323E-01    0.428E-01    0.139E-01    0.139E-01    0.000E+00    0.000E+00    0.000E+00    0.000E+00
     0.750     0.290    0.782E+00    0.382E+00    0.393E+00    0.300E-01    0.386E-01    0.127E-01    0.127E-01    0.000E+00    0.000E+00    0.000E+00    0.000E+00
     0.750     0.300    0.775E+00    0.373E+00    0.372E+00    0.279E-01    0.347E-01    0.116E-01    0.116E-01    0.000E+00    0.000E+00    0.000E+00    0.000E+00
     0.750     0.310    0.766E+00    0.363E+00    0.353E+00    0.258E-01    0.311E-01    0.106E-01    0.106E-01    0.000E+00    0.000E+00    0.000E+00    0.000E+00
     0.750     0.320    0.756E+00    0.353E+00    0.336E+00    0.237E-01    0.279E-01    0.958E-02    0.958E-02    0.000E+00    0.000E+00    0.000E+00    0.000E+00
     0.750     0.330    0.746E+00    0.343E+00    0.319E+00    0.217E-01    0.250E-01    0.867E-02    0.867E-02    0.000E+00    0.000E+00    0.000E+00    0.000E+00
     0.750     0.340    0.734E+00    0.332E+00    0.304E+00    0.199E-01    0.223E-01    0.783E-02    0.783E-02    0.000E+00    0.000E+00    0.000E+00    0.000E+00
     0.750     0.350    0.721E+00    0.321E+00    0.290E+00    0.181E-01    0.199E-01    0.706E-02    0.706E-02    0.000E+00    0.000E+00    0.000E+00    0.000E+00
     0.750     0.360    0.708E+00    0.310E+00    0.277E+00    0.164E-01    0.178E-01    0.634E-02    0.634E-02    0.000E+00    0.000E+00    0.000E+00    0.000E+00
     0.750     0.370    0.693E+00    0.298E+00    0.264E+00    0.148E-01    0.158E-01    0.569E-02    0.569E-02    0.000E+00    0.000E+00    0.000E+00    0.000E+00
     0.750     0.380    0.678E+00    0.287E+00    0.252E+00    0.133E-01    0.140E-01    0.508E-02    0.508E-02    0.000E+00    0.000E+00    0.000E+00    0.000E+00
     0.750     0.390    0.663E+00    0.275E+00    0.240E+00    0.119E-01    0.125E-01    0.453E-02    0.453E-02    0.000E+00    0.000E+00    0.000E+00    0.000E+00
     0.750     0.400    0.646E+00    0.263E+00    0.228E+00    0.107E-01    0.110E-01    0.403E-02    0.403E-02    0.000E+00    0.000E+00    0.000E+00    0.000E+00
     0.750     0.410    0.629E+00    0.250E+00    0.217E+00    0.950E-02    0.976E-02    0.358E-02    0.358E-02    0.000E+00    0.000E+00    0.000E+00    0.000E+00
     0.750     0.420    0.612E+00    0.238E+00    0.205E+00    0.843E-02    0.861E-02    0.317E-02    0.317E-02    0.000E+00    0.000E+00    0.000E+00    0.000E+00
     0.750     0.430    0.594E+00    0.226E+00    0.195E+00    0.746E-02    0.758E-02    0.280E-02    0.280E-02    0.000E+00    0.000E+00    0.000E+00    0.000E+00
     0.750     0.440    0.576E+00    0.214E+00    0.184E+00    0.657E-02    0.666E-02    0.246E-02    0.246E-02    0.000E+00    0.000E+00    0.000E+00    0.000E+00
     0.750     0.450    0.557E+00    0.202E+00    0.173E+00    0.578E-02    0.583E-02    0.216E-02    0.216E-02    0.000E+00    0.000E+00    0.000E+00    0.000E+00
     0.750     0.460    0.538E+00    0.190E+00    0.163E+00    0.506E-02    0.510E-02    0.189E-02    0.189E-02    0.000E+00    0.000E+00    0.000E+00    0.000E+00
     0.750     0.470    0.519E+00    0.178E+00    0.153E+00    0.441E-02    0.444E-02    0.165E-02    0.165E-02    0.000E+00    0.000E+00    0.000E+00    0.000E+00
     0.750     0.480    0.500E+00    0.167E+00    0.143E+00    0.384E-02    0.386E-02    0.143E-02    0.143E-02    0.000E+00    0.000E+00    0.000E+00    0.000E+00
     0.750     0.490    0.481E+00    0.156E+00    0.133E+00    0.333E-02    0.334E-02    0.124E-02    0.124E-02    0.000E+00    0.000E+00    0.000E+00    0.000E+00
     0.750     0.500    0.461E+00    0.145E+00    0.124E+00    0.288E-02    0.288E-02    0.107E-02    0.107E-02    0.000E+00    0.000E+00    0.000E+00    0.000E+00
     0.750     0.510    0.442E+00    0.134E+00    0.115E+00    0.247E-02    0.248E-02    0.924E-03    0.924E-03    0.000E+00    0.000E+00    0.000E+00    0.000E+00
     0.750     0.520    0.423E+00    0.124E+00    0.106E+00    0.212E-02    0.212E-02    0.793E-03    0.793E-03    0.000E+00    0.000E+00    0.000E+00    0.000E+00
     0.750     0.530    0.404E+00    0.115E+00    0.978E-01    0.181E-02    0.181E-02    0.678E-03    0.678E-03    0.000E+00    0.000E+00    0.000E+00    0.000E+00
     0.750     0.540    0.385E+00    0.105E+00    0.897E-01    0.154E-02    0.154E-02    0.578E-03    0.578E-03    0.000E+00    0.000E+00    0.000E+00    0.000E+00
     0.750     0.550    0.366E+00    0.967E-01    0.820E-01    0.131E-02    0.131E-02    0.490E-03    0.490E-03    0.000E+00    0.000E+00    0.000E+00    0.000E+00
     0.750     0.560    0.347E+00    0.883E-01    0.746E-01    0.110E-02    0.110E-02    0.415E-03    0.415E-03    0.000E+00    0.000E+00    0.000E+00    0.000E+00
     0.750     0.570    0.329E+00    0.804E-01    0.676E-01    0.927E-03    0.927E-03    0.349E-03    0.349E-03    0.000E+00    0.000E+00    0.000E+00    0.000E+00
     0.750     0.580    0.310E+00    0.730E-01    0.610E-01    0.775E-03    0.775E-03    0.292E-03    0.292E-03    0.000E+00    0.000E+00    0.000E+00    0.000E+00
     0.750     0.590    0.293E+00    0.660E-01    0.549E-01    0.645E-03    0.645E-03    0.244E-03    0.244E-03    0.000E+00    0.000E+00    0.000E+00    0.000E+00
     0.750     0.600    0.275E+00    0.595E-01    0.491E-01    0.534E-03    0.534E-03    0.203E-03    0.203E-03    0.000E+00    0.000E+00    0.000E+00    0.000E+00
     0.750     0.610    0.258E+00    0.535E-01    0.437E-01    0.441E-03    0.441E-03    0.167E-03    0.167E-03    0.000E+00    0.000E+00    0.000E+00    0.000E+00
     0.750     0.620    0.242E+00    0.479E-01    0.387E-01    0.361E-03    0.361E-03    0.138E-03    0.138E-03    0.000E+00    0.000E+00    0.000E+00    0.000E+00
     0.750     0.630    0.225E+00    0.427E-01    0.341E-01    0.294E-03    0.294E-03    0.113E-03    0.113E-03    0.000E+00    0.000E+00    0.000E+00    0.000E+00
     0.750     0.640    0.210E+00    0.380E-01    0.299E-01    0.238E-03    0.238E-03    0.915E-04    0.915E-04    0.000E+00    0.000E+00    0.000E+00    0.000E+00
     0.750     0.650    0.195E+00    0.336E-01    0.260E-01    0.192E-03    0.192E-03    0.740E-04    0.740E-04    0.000E+00    0.000E+00    0.000E+00    0.000E+00
     0.750     0.660    0.180E+00    0.297E-01    0.225E-01    0.153E-03    0.153E-03    0.594E-04    0.594E-04    0.000E+00    0.000E+00    0.000E+00    0.000E+00
     0.750     0.670    0.166E+00    0.261E-01    0.194E-01    0.122E-03    0.122E-03    0.474E-04    0.474E-04    0.000E+00    0.000E+00    0.000E+00    0.000E+00
     0.750     0.680    0.153E+00    0.228E-01    0.166E-01    0.960E-04    0.960E-04    0.376E-04    0.376E-04    0.000E+00    0.000E+00    0.000E+00    0.000E+00
     0.750     0.690    0.140E+00    0.199E-01    0.141E-01    0.750E-04    0.750E-04    0.295E-04    0.295E-04    0.000E+00    0.000E+00    0.000E+00    0.000E+00
     0.750     0.700    0.127E+00    0.173E-01    0.118E-01    0.582E-04    0.582E-04    0.231E-04    0.231E-04    0.000E+00    0.000E+00    0.000E+00    0.000E+00
     0.750     0.710    0.116E+00    0.150E-01    0.990E-02    0.447E-04    0.447E-04    0.178E-04    0.178E-04    0.000E+00    0.000E+00    0.000E+00    0.000E+00
     0.750     0.720    0.105E+00    0.129E-01    0.820E-02    0.341E-04    0.341E-04    0.137E-04    0.137E-04    0.000E+00    0.000E+00    0.000E+00    0.000E+00
     0.750     0.730    0.942E-01    0.111E-01    0.673E-02    0.256E-04    0.256E-04    0.104E-04    0.104E-04    0.293E-07    0.293E-07    0.000E+00    0.000E+00
     0.750     0.740    0.844E-01    0.947E-02    0.548E-02    0.191E-04    0.191E-04    0.782E-05    0.782E-05    0.122E-07    0.122E-07    0.000E+00    0.000E+00
     0.750     0.750    0.752E-01    0.806E-02    0.441E-02    0.141E-04    0.141E-04    0.581E-05    0.581E-05    0.000E+00    0.000E+00    0.000E+00    0.000E+00
     0.750     0.760    0.666E-01    0.683E-02    0.351E-02    0.102E-04    0.102E-04    0.427E-05    0.427E-05    0.000E+00    0.000E+00    0.000E+00    0.000E+00
     0.750     0.770    0.586E-01    0.576E-02    0.276E-02    0.734E-05    0.734E-05    0.310E-05    0.310E-05    0.000E+00    0.000E+00    0.000E+00    0.000E+00
     0.750     0.780    0.513E-01    0.484E-02    0.214E-02    0.517E-05    0.517E-05    0.221E-05    0.221E-05    0.000E+00    0.000E+00    0.000E+00    0.000E+00
     0.750     0.790    0.445E-01    0.404E-02    0.163E-02    0.361E-05    0.361E-05    0.157E-05    0.157E-05    0.000E+00    0.000E+00    0.000E+00    0.000E+00
     0.750     0.800    0.383E-01    0.336E-02    0.123E-02    0.245E-05    0.245E-05    0.108E-05    0.108E-05    0.000E+00    0.000E+00    0.000E+00    0.000E+00
     0.750     0.810    0.327E-01    0.277E-02    0.906E-03    0.164E-05    0.164E-05    0.738E-06    0.738E-06    0.000E+00    0.000E+00    0.000E+00    0.000E+00
     0.750     0.820    0.276E-01    0.228E-02    0.656E-03    0.107E-05    0.107E-05    0.491E-06    0.491E-06    0.000E+00    0.000E+00    0.000E+00    0.000E+00
     0.750     0.830    0.231E-01    0.186E-02    0.464E-03    0.684E-06    0.684E-06    0.320E-06    0.320E-06    0.000E+00    0.000E+00    0.000E+00    0.000E+00
     0.750     0.840    0.191E-01    0.150E-02    0.320E-03    0.428E-06    0.428E-06    0.204E-06    0.204E-06    0.000E+00    0.000E+00    0.000E+00    0.000E+00
     0.750     0.850    0.156E-01    0.120E-02    0.214E-03    0.254E-06    0.254E-06    0.125E-06    0.125E-06    0.000E+00    0.000E+00    0.000E+00    0.000E+00
     0.750     0.860    0.125E-01    0.951E-03    0.139E-03    0.152E-06    0.152E-06    0.764E-07    0.764E-07    0.000E+00    0.000E+00    0.000E+00    0.000E+00
     0.750     0.870    0.983E-02    0.741E-03    0.859E-04    0.820E-07    0.820E-07    0.429E-07    0.429E-07    0.000E+00    0.000E+00    0.000E+00    0.000E+00
     0.750     0.880    0.759E-02    0.569E-03    0.512E-04    0.446E-07    0.446E-07    0.242E-07    0.242E-07    0.000E+00    0.000E+00    0.000E+00    0.000E+00
     0.750     0.890    0.571E-02    0.428E-03    0.282E-04    0.219E-07    0.219E-07    0.124E-07    0.124E-07    0.000E+00    0.000E+00    0.000E+00    0.000E+00
     0.750     0.900    0.418E-02    0.314E-03    0.144E-04    0.995E-08    0.995E-08    0.600E-08    0.600E-08    0.000E+00    0.000E+00    0.000E+00    0.000E+00
     0.750     0.910    0.295E-02    0.223E-03    0.673E-05    0.452E-08    0.452E-08    0.280E-08    0.280E-08    0.000E+00    0.000E+00    0.000E+00    0.000E+00
     0.750     0.920    0.200E-02    0.152E-03    0.239E-05    0.135E-08    0.135E-08    0.879E-09    0.879E-09    0.000E+00    0.000E+00    0.000E+00    0.000E+00
     0.750     0.930    0.128E-02    0.988E-04    0.826E-06    0.653E-09    0.653E-09    0.297E-09    0.297E-09    0.000E+00    0.000E+00    0.000E+00    0.000E+00
     0.750     0.940    0.763E-03    0.596E-04    0.000E+00    0.000E+00    0.000E+00    0.000E+00    0.000E+00    0.000E+00    0.000E+00    0.000E+00    0.000E+00
     0.750     0.950    0.409E-03    0.325E-04    0.000E+00    0.000E+00    0.000E+00    0.000E+00    0.000E+00    0.000E+00    0.000E+00    0.000E+00    0.000E+00
     0.750     0.960    0.174E-03    0.142E-04    0.000E+00    0.000E+00    0.000E+00    0.000E+00    0.000E+00    0.000E+00    0.000E+00    0.000E+00    0.000E+00
     0.750     0.970    0.375E-04    0.313E-05    0.000E+00    0.000E+00    0.000E+00    0.000E+00    0.000E+00    0.000E+00    0.000E+00    0.000E+00    0.000E+00
     0.750     0.980    0.000E+00    0.000E+00    0.586E-07    0.290E-10    0.290E-10    0.151E-10    0.151E-10    0.000E+00    0.000E+00    0.000E+00    0.000E+00
     0.750     0.990    0.000E+00    0.000E+00    0.113E-06    0.580E-10    0.580E-10    0.284E-10    0.284E-10    0.000E+00    0.000E+00    0.000E+00    0.000E+00

