     Q**2          x         u           d           g          ub          db          sb          s          cb          c          bb          b
     0.750     0.010    0.320E+00    0.292E+00    0.000E+00    0.194E+00    0.216E+00    0.558E-01    0.558E-01    0.000E+00    0.000E+00    0.000E+00    0.000E+00
     0.750     0.020    0.337E+00    0.313E+00    0.359E+00    0.165E+00    0.186E+00    0.478E-01    0.478E-01    0.000E+00    0.000E+00    0.000E+00    0.000E+00
     0.750     0.030    0.362E+00    0.331E+00    0.705E+00    0.150E+00    0.166E+00    0.434E-01    0.434E-01    0.000E+00    0.000E+00    0.000E+00    0.000E+00
     0.750     0.040    0.388E+00    0.346E+00    0.904E+00    0.140E+00    0.152E+00    0.405E-01    0.405E-01    0.000E+00    0.000E+00    0.000E+00    0.000E+00
     0.750     0.050    0.414E+00    0.359E+00    0.105E+01    0.131E+00    0.141E+00    0.382E-01    0.382E-01    0.000E+00    0.000E+00    0.000E+00    0.000E+00
     0.750     0.060    0.438E+00    0.370E+00    0.115E+01    0.122E+00    0.133E+00    0.363E-01    0.363E-01    0.000E+00    0.000E+00    0.000E+00    0.000E+00
     0.750     0.070    0.462E+00    0.380E+00    0.122E+01    0.114E+00    0.127E+00    0.346E-01    0.346E-01    0.000E+00    0.000E+00    0.000E+00    0.000E+00
     0.750     0.080    0.484E+00    0.388E+00    0.127E+01    0.105E+00    0.122E+00    0.331E-01    0.331E-01    0.000E+00    0.000E+00    0.000E+00    0.000E+00
     0.750     0.090    0.506E+00    0.395E+00    0.130E+01    0.971E-01    0.118E+00    0.317E-01    0.317E-01    0.000E+00    0.000E+00    0.000E+00    0.000E+00
     0.750     0.100    0.526E+00    0.402E+00    0.131E+01    0.894E-01    0.114E+00    0.304E-01    0.304E-01    0.000E+00    0.000E+00    0.000E+00    0.000E+00
     0.750     0.110    0.546E+00    0.407E+00    0.132E+01    0.824E-01    0.111E+00    0.292E-01    0.292E-01    0.000E+00    0.000E+00    0.000E+00    0.000E+00
     0.750     0.120    0.566E+00    0.410E+00    0.131E+01    0.760E-01    0.108E+00    0.280E-01    0.280E-01    0.000E+00    0.000E+00    0.000E+00    0.000E+00
     0.750     0.130    0.584E+00    0.413E+00    0.130E+01    0.703E-01    0.104E+00    0.269E-01    0.269E-01    0.000E+00    0.000E+00    0.000E+00    0.000E+00
     0.750     0.140    0.602E+00    0.415E+00    0.128E+01    0.653E-01    0.100E+00    0.259E-01    0.259E-01    0.000E+00    0.000E+00    0.000E+00    0.000E+00
     0.750     0.150    0.619E+00    0.416E+00    0.125E+01    0.609E-01    0.964E-01    0.248E-01    0.248E-01    0.000E+00    0.000E+00    0.000E+00    0.000E+00
     0.750     0.160    0.636E+00    0.416E+00    0.122E+01    0.571E-01    0.924E-01    0.238E-01    0.238E-01    0.000E+00    0.000E+00    0.000E+00    0.000E+00
     0.750     0.170    0.651E+00    0.415E+00    0.119E+01    0.537E-01    0.883E-01    0.228E-01    0.228E-01    0.000E+00    0.000E+00    0.000E+00    0.000E+00
     0.750     0.180    0.665E+00    0.414E+00    0.115E+01    0.508E-01    0.841E-01    0.219E-01    0.219E-01    0.000E+00    0.000E+00    0.000E+00    0.000E+00
     0.750     0.190    0.678E+00    0.411E+00    0.111E+01    0.482E-01    0.799E-01    0.210E-01    0.210E-01    0.000E+00    0.000E+00    0.000E+00    0.000E+00
     0.750     0.200    0.690E+00    0.409E+00    0.107E+01    0.459E-01    0.757E-01    0.201E-01    0.201E-01    0.000E+00    0.000E+00    0.000E+00    0.000E+00
     0.750     0.210    0.700E+00    0.405E+00    0.103E+01    0.439E-01    0.715E-01    0.192E-01    0.192E-01    0.000E+00    0.000E+00    0.000E+00    0.000E+00
     0.750     0.220    0.710E+00    0.402E+00    0.983E+00    0.420E-01    0.674E-01    0.184E-01    0.184E-01    0.000E+00    0.000E+00    0.000E+00    0.000E+00
     0.750     0.230    0.718E+00    0.397E+00    0.939E+00    0.403E-01    0.633E-01    0.175E-01    0.175E-01    0.000E+00    0.000E+00    0.000E+00    0.000E+00
     0.750     0.240    0.724E+00    0.393E+00    0.895E+00    0.388E-01    0.594E-01    0.167E-01    0.167E-01    0.000E+00    0.000E+00    0.000E+00    0.000E+00
     0.750     0.250    0.729E+00    0.387E+00    0.850E+00    0.373E-01    0.556E-01    0.160E-01    0.160E-01    0.000E+00    0.000E+00    0.000E+00    0.000E+00
     0.750     0.260    0.733E+00    0.382E+00    0.806E+00    0.359E-01    0.520E-01    0.152E-01    0.152E-01    0.000E+00    0.000E+00    0.000E+00    0.000E+00
     0.750     0.270    0.736E+00    0.375E+00    0.763E+00    0.345E-01    0.485E-01    0.145E-01    0.145E-01    0.000E+00    0.000E+00    0.000E+00    0.000E+00
     0.750     0.280    0.737E+00    0.369E+00    0.720E+00    0.332E-01    0.452E-01    0.138E-01    0.138E-01    0.000E+00    0.000E+00    0.000E+00    0.000E+00
     0.750     0.290    0.737E+00    0.362E+00    0.678E+00    0.319E-01    0.421E-01    0.131E-01    0.131E-01    0.000E+00    0.000E+00    0.000E+00    0.000E+00
     0.750     0.300    0.736E+00    0.355E+00    0.637E+00    0.306E-01    0.392E-01    0.124E-01    0.124E-01    0.000E+00    0.000E+00    0.000E+00    0.000E+00
     0.750     0.310    0.733E+00    0.347E+00    0.597E+00    0.293E-01    0.365E-01    0.117E-01    0.117E-01    0.000E+00    0.000E+00    0.000E+00    0.000E+00
     0.750     0.320    0.729E+00    0.339E+00    0.559E+00    0.279E-01    0.339E-01    0.111E-01    0.111E-01    0.000E+00    0.000E+00    0.000E+00    0.000E+00
     0.750     0.330    0.724E+00    0.331E+00    0.522E+00    0.266E-01    0.315E-01    0.105E-01    0.105E-01    0.000E+00    0.000E+00    0.000E+00    0.000E+00
     0.750     0.340    0.718E+00    0.323E+00    0.486E+00    0.253E-01    0.293E-01    0.990E-02    0.990E-02    0.000E+00    0.000E+00    0.000E+00    0.000E+00
     0.750     0.350    0.711E+00    0.314E+00    0.452E+00    0.240E-01    0.272E-01    0.934E-02    0.934E-02    0.000E+00    0.000E+00    0.000E+00    0.000E+00
     0.750     0.360    0.703E+00    0.305E+00    0.419E+00    0.227E-01    0.252E-01    0.879E-02    0.879E-02    0.000E+00    0.000E+00    0.000E+00    0.000E+00
     0.750     0.370    0.694E+00    0.295E+00    0.387E+00    0.215E-01    0.234E-01    0.826E-02    0.826E-02    0.000E+00    0.000E+00    0.000E+00    0.000E+00
     0.750     0.380    0.683E+00    0.286E+00    0.358E+00    0.202E-01    0.217E-01    0.775E-02    0.775E-02    0.000E+00    0.000E+00    0.000E+00    0.000E+00
     0.750     0.390    0.672E+00    0.276E+00    0.330E+00    0.190E-01    0.202E-01    0.727E-02    0.727E-02    0.000E+00    0.000E+00    0.000E+00    0.000E+00
     0.750     0.400    0.660E+00    0.266E+00    0.303E+00    0.178E-01    0.187E-01    0.680E-02    0.680E-02    0.000E+00    0.000E+00    0.000E+00    0.000E+00
     0.750     0.410    0.648E+00    0.256E+00    0.278E+00    0.166E-01    0.173E-01    0.635E-02    0.635E-02    0.000E+00    0.000E+00    0.000E+00    0.000E+00
     0.750     0.420    0.634E+00    0.246E+00    0.254E+00    0.155E-01    0.160E-01    0.592E-02    0.592E-02    0.000E+00    0.000E+00    0.000E+00    0.000E+00
     0.750     0.430    0.620E+00    0.236E+00    0.232E+00    0.145E-01    0.148E-01    0.551E-02    0.551E-02    0.000E+00    0.000E+00    0.000E+00    0.000E+00
     0.750     0.440    0.606E+00    0.225E+00    0.211E+00    0.134E-01    0.137E-01    0.512E-02    0.512E-02    0.000E+00    0.000E+00    0.000E+00    0.000E+00
     0.750     0.450    0.591E+00    0.215E+00    0.191E+00    0.124E-01    0.126E-01    0.475E-02    0.475E-02    0.000E+00    0.000E+00    0.000E+00    0.000E+00
     0.750     0.460    0.575E+00    0.205E+00    0.173E+00    0.115E-01    0.116E-01    0.440E-02    0.440E-02    0.000E+00    0.000E+00    0.000E+00    0.000E+00
     0.750     0.470    0.559E+00    0.195E+00    0.156E+00    0.106E-01    0.107E-01    0.407E-02    0.407E-02    0.000E+00    0.000E+00    0.000E+00    0.000E+00
     0.750     0.480    0.542E+00    0.185E+00    0.141E+00    0.976E-02    0.983E-02    0.375E-02    0.375E-02    0.000E+00    0.000E+00    0.000E+00    0.000E+00
     0.750     0.490    0.525E+00    0.174E+00    0.126E+00    0.896E-02    0.901E-02    0.345E-02    0.345E-02    0.000E+00    0.000E+00    0.000E+00    0.000E+00
     0.750     0.500    0.508E+00    0.165E+00    0.113E+00    0.821E-02    0.824E-02    0.316E-02    0.316E-02    0.000E+00    0.000E+00    0.000E+00    0.000E+00
     0.750     0.510    0.491E+00    0.155E+00    0.101E+00    0.750E-02    0.752E-02    0.289E-02    0.289E-02    0.000E+00    0.000E+00    0.000E+00    0.000E+00
     0.750     0.520    0.473E+00    0.145E+00    0.899E-01    0.683E-02    0.685E-02    0.264E-02    0.264E-02    0.000E+00    0.000E+00    0.000E+00    0.000E+00
     0.750     0.530    0.455E+00    0.136E+00    0.797E-01    0.621E-02    0.622E-02    0.240E-02    0.240E-02    0.000E+00    0.000E+00    0.000E+00    0.000E+00
     0.750     0.540    0.437E+00    0.127E+00    0.704E-01    0.562E-02    0.563E-02    0.218E-02    0.218E-02    0.000E+00    0.000E+00    0.000E+00    0.000E+00
     0.750     0.550    0.419E+00    0.118E+00    0.620E-01    0.508E-02    0.508E-02    0.197E-02    0.197E-02    0.000E+00    0.000E+00    0.000E+00    0.000E+00
     0.750     0.560    0.401E+00    0.110E+00    0.544E-01    0.457E-02    0.457E-02    0.178E-02    0.178E-02    0.000E+00    0.000E+00    0.000E+00    0.000E+00
     0.750     0.570    0.384E+00    0.102E+00    0.476E-01    0.410E-02    0.410E-02    0.160E-02    0.160E-02    0.000E+00    0.000E+00    0.000E+00    0.000E+00
     0.750     0.580    0.366E+00    0.936E-01    0.414E-01    0.366E-02    0.367E-02    0.143E-02    0.143E-02    0.000E+00    0.000E+00    0.000E+00    0.000E+00
     0.750     0.590    0.348E+00    0.861E-01    0.359E-01    0.326E-02    0.326E-02    0.128E-02    0.128E-02    0.000E+00    0.000E+00    0.000E+00    0.000E+00
     0.750     0.600    0.330E+00    0.789E-01    0.310E-01    0.289E-02    0.289E-02    0.113E-02    0.113E-02    0.000E+00    0.000E+00    0.000E+00    0.000E+00
     0.750     0.610    0.313E+00    0.720E-01    0.266E-01    0.255E-02    0.255E-02    0.999E-03    0.999E-03    0.000E+00    0.000E+00    0.000E+00    0.000E+00
     0.750     0.620    0.296E+00    0.655E-01    0.227E-01    0.223E-02    0.223E-02    0.877E-03    0.877E-03    0.000E+00    0.000E+00    0.000E+00    0.000E+00
     0.750     0.630    0.279E+00    0.593E-01    0.193E-01    0.195E-02    0.195E-02    0.766E-03    0.766E-03    0.000E+00    0.000E+00    0.000E+00    0.000E+00
     0.750     0.640    0.262E+00    0.535E-01    0.163E-01    0.169E-02    0.169E-02    0.664E-03    0.664E-03    0.000E+00    0.000E+00    0.000E+00    0.000E+00
     0.750     0.650    0.246E+00    0.481E-01    0.137E-01    0.145E-02    0.145E-02    0.572E-03    0.572E-03    0.000E+00    0.000E+00    0.000E+00    0.000E+00
     0.750     0.660    0.230E+00    0.430E-01    0.115E-01    0.124E-02    0.124E-02    0.488E-03    0.488E-03    0.000E+00    0.000E+00    0.000E+00    0.000E+00
     0.750     0.670    0.215E+00    0.383E-01    0.953E-02    0.105E-02    0.105E-02    0.413E-03    0.413E-03    0.000E+00    0.000E+00    0.000E+00    0.000E+00
     0.750     0.680    0.200E+00    0.339E-01    0.786E-02    0.874E-03    0.874E-03    0.345E-03    0.345E-03    0.000E+00    0.000E+00    0.000E+00    0.000E+00
     0.750     0.690    0.185E+00    0.299E-01    0.643E-02    0.721E-03    0.721E-03    0.285E-03    0.285E-03    0.000E+00    0.000E+00    0.000E+00    0.000E+00
     0.750     0.700    0.171E+00    0.262E-01    0.522E-02    0.586E-03    0.586E-03    0.232E-03    0.232E-03    0.000E+00    0.000E+00    0.000E+00    0.000E+00
     0.750     0.710    0.157E+00    0.228E-01    0.419E-02    0.467E-03    0.467E-03    0.185E-03    0.185E-03    0.000E+00    0.000E+00    0.000E+00    0.000E+00
     0.750     0.720    0.144E+00    0.197E-01    0.334E-02    0.363E-03    0.363E-03    0.144E-03    0.144E-03    0.000E+00    0.000E+00    0.000E+00    0.000E+00
     0.750     0.730    0.132E+00    0.169E-01    0.263E-02    0.273E-03    0.273E-03    0.108E-03    0.108E-03    0.000E+00    0.000E+00    0.000E+00    0.000E+00
     0.750     0.740    0.120E+00    0.145E-01    0.205E-02    0.196E-03    0.196E-03    0.776E-04    0.776E-04    0.000E+00    0.000E+00    0.000E+00    0.000E+00
     0.750     0.750    0.109E+00    0.122E-01    0.158E-02    0.130E-03    0.130E-03    0.513E-04    0.513E-04    0.000E+00    0.000E+00    0.000E+00    0.000E+00
     0.750     0.760    0.977E-01    0.103E-01    0.120E-02    0.753E-04    0.753E-04    0.296E-04    0.296E-04    0.000E+00    0.000E+00    0.000E+00    0.000E+00
     0.750     0.770    0.875E-01    0.854E-02    0.896E-03    0.355E-04    0.355E-04    0.138E-04    0.138E-04    0.000E+00    0.000E+00    0.000E+00    0.000E+00
     0.750     0.780    0.779E-01    0.702E-02    0.657E-03    0.119E-04    0.119E-04    0.459E-05    0.459E-05    0.000E+00    0.000E+00    0.000E+00    0.000E+00
     0.750     0.790    0.689E-01    0.572E-02    0.473E-03    0.000E+00    0.000E+00    0.000E+00    0.000E+00    0.000E+00    0.000E+00    0.000E+00    0.000E+00
     0.750     0.800    0.606E-01    0.463E-02    0.331E-03    0.000E+00    0.000E+00    0.000E+00    0.000E+00    0.000E+00    0.000E+00    0.000E+00    0.000E+00
     0.750     0.810    0.528E-01    0.372E-02    0.226E-03    0.000E+00    0.000E+00    0.000E+00    0.000E+00    0.000E+00    0.000E+00    0.000E+00    0.000E+00
     0.750     0.820    0.457E-01    0.293E-02    0.148E-03    0.000E+00    0.000E+00    0.000E+00    0.000E+00    0.000E+00    0.000E+00    0.000E+00    0.000E+00
     0.750     0.830    0.391E-01    0.228E-02    0.933E-04    0.000E+00    0.000E+00    0.000E+00    0.000E+00    0.000E+00    0.000E+00    0.000E+00    0.000E+00
     0.750     0.840    0.331E-01    0.174E-02    0.553E-04    0.000E+00    0.000E+00    0.000E+00    0.000E+00    0.000E+00    0.000E+00    0.000E+00    0.000E+00
     0.750     0.850    0.277E-01    0.130E-02    0.295E-04    0.000E+00    0.000E+00    0.000E+00    0.000E+00    0.000E+00    0.000E+00    0.000E+00    0.000E+00
     0.750     0.860    0.229E-01    0.957E-03    0.138E-04    0.000E+00    0.000E+00    0.000E+00    0.000E+00    0.000E+00    0.000E+00    0.000E+00    0.000E+00
     0.750     0.870    0.186E-01    0.684E-03    0.384E-05    0.000E+00    0.000E+00    0.000E+00    0.000E+00    0.000E+00    0.000E+00    0.000E+00    0.000E+00
     0.750     0.880    0.148E-01    0.477E-03    0.000E+00    0.000E+00    0.000E+00    0.000E+00    0.000E+00    0.000E+00    0.000E+00    0.000E+00    0.000E+00
     0.750     0.890    0.116E-01    0.321E-03    0.000E+00    0.000E+00    0.000E+00    0.000E+00    0.000E+00    0.000E+00    0.000E+00    0.000E+00    0.000E+00
     0.750     0.900    0.883E-02    0.209E-03    0.000E+00    0.000E+00    0.000E+00    0.000E+00    0.000E+00    0.000E+00    0.000E+00    0.000E+00    0.000E+00
     0.750     0.910    0.653E-02    0.130E-03    0.000E+00    0.000E+00    0.000E+00    0.000E+00    0.000E+00    0.000E+00    0.000E+00    0.000E+00    0.000E+00
     0.750     0.920    0.465E-02    0.756E-04    0.000E+00    0.000E+00    0.000E+00    0.000E+00    0.000E+00    0.000E+00    0.000E+00    0.000E+00    0.000E+00
     0.750     0.930    0.315E-02    0.421E-04    0.000E+00    0.000E+00    0.000E+00    0.000E+00    0.000E+00    0.000E+00    0.000E+00    0.000E+00    0.000E+00
     0.750     0.940    0.201E-02    0.205E-04    0.000E+00    0.000E+00    0.000E+00    0.000E+00    0.000E+00    0.000E+00    0.000E+00    0.000E+00    0.000E+00
     0.750     0.950    0.116E-02    0.929E-05    0.000E+00    0.000E+00    0.000E+00    0.000E+00    0.000E+00    0.000E+00    0.000E+00    0.000E+00    0.000E+00
     0.750     0.960    0.541E-03    0.305E-05    0.000E+00    0.999E-07    0.999E-07    0.399E-07    0.399E-07    0.000E+00    0.000E+00    0.000E+00    0.000E+00
     0.750     0.970    0.130E-03    0.331E-06    0.000E+00    0.240E-06    0.240E-06    0.960E-07    0.960E-07    0.913E-12    0.913E-12    0.000E+00    0.000E+00
     0.750     0.980    0.000E+00    0.861E-07    0.169E-07    0.319E-06    0.319E-06    0.127E-06    0.127E-06    0.000E+00    0.000E+00    0.000E+00    0.000E+00
     0.750     0.990    0.000E+00    0.580E-06    0.138E-07    0.264E-06    0.264E-06    0.105E-06    0.105E-06    0.000E+00    0.000E+00    0.000E+00    0.000E+00

