     Q**2          x         u           d           g          ub          db          sb          s          cb          c          bb          b
    20.000     0.010    0.505E+00    0.467E+00    0.567E+01    0.326E+00    0.351E+00    0.208E+00    0.208E+00    0.121E+00    0.121E+00    0.000E+00    0.000E+00
    20.000     0.020    0.498E+00    0.448E+00    0.399E+01    0.255E+00    0.281E+00    0.160E+00    0.160E+00    0.878E-01    0.878E-01    0.000E+00    0.000E+00
    20.000     0.030    0.507E+00    0.438E+00    0.313E+01    0.215E+00    0.238E+00    0.133E+00    0.133E+00    0.697E-01    0.697E-01    0.000E+00    0.000E+00
    20.000     0.040    0.521E+00    0.432E+00    0.266E+01    0.190E+00    0.210E+00    0.115E+00    0.115E+00    0.589E-01    0.589E-01    0.403E-17    0.403E-17
    20.000     0.050    0.534E+00    0.427E+00    0.230E+01    0.168E+00    0.188E+00    0.101E+00    0.101E+00    0.503E-01    0.503E-01    0.679E-16    0.679E-16
    20.000     0.060    0.546E+00    0.421E+00    0.202E+01    0.150E+00    0.171E+00    0.904E-01    0.904E-01    0.437E-01    0.437E-01    0.167E-15    0.167E-15
    20.000     0.070    0.557E+00    0.415E+00    0.180E+01    0.134E+00    0.157E+00    0.812E-01    0.812E-01    0.383E-01    0.383E-01    0.180E-15    0.180E-15
    20.000     0.080    0.566E+00    0.409E+00    0.161E+01    0.121E+00    0.144E+00    0.732E-01    0.732E-01    0.337E-01    0.337E-01    0.990E-16    0.990E-16
    20.000     0.090    0.574E+00    0.403E+00    0.144E+01    0.109E+00    0.133E+00    0.663E-01    0.663E-01    0.298E-01    0.298E-01    0.209E-16    0.209E-16
    20.000     0.100    0.582E+00    0.397E+00    0.130E+01    0.980E-01    0.124E+00    0.602E-01    0.602E-01    0.265E-01    0.265E-01    0.000E+00    0.000E+00
    20.000     0.110    0.588E+00    0.390E+00    0.118E+01    0.887E-01    0.115E+00    0.548E-01    0.548E-01    0.235E-01    0.235E-01    0.113E-17    0.113E-17
    20.000     0.120    0.593E+00    0.382E+00    0.107E+01    0.806E-01    0.106E+00    0.500E-01    0.500E-01    0.210E-01    0.210E-01    0.218E-16    0.218E-16
    20.000     0.130    0.596E+00    0.375E+00    0.976E+00    0.734E-01    0.987E-01    0.457E-01    0.457E-01    0.187E-01    0.187E-01    0.170E-16    0.170E-16
    20.000     0.140    0.599E+00    0.366E+00    0.889E+00    0.672E-01    0.915E-01    0.418E-01    0.418E-01    0.168E-01    0.168E-01    0.000E+00    0.000E+00
    20.000     0.150    0.601E+00    0.358E+00    0.810E+00    0.617E-01    0.846E-01    0.383E-01    0.383E-01    0.150E-01    0.150E-01    0.000E+00    0.000E+00
    20.000     0.160    0.602E+00    0.350E+00    0.739E+00    0.568E-01    0.782E-01    0.351E-01    0.351E-01    0.134E-01    0.134E-01    0.118E-16    0.118E-16
    20.000     0.170    0.601E+00    0.341E+00    0.674E+00    0.525E-01    0.722E-01    0.321E-01    0.321E-01    0.120E-01    0.120E-01    0.280E-16    0.280E-16
    20.000     0.180    0.599E+00    0.332E+00    0.615E+00    0.486E-01    0.665E-01    0.295E-01    0.295E-01    0.108E-01    0.108E-01    0.297E-16    0.297E-16
    20.000     0.190    0.597E+00    0.323E+00    0.562E+00    0.451E-01    0.612E-01    0.271E-01    0.271E-01    0.965E-02    0.965E-02    0.173E-16    0.173E-16
    20.000     0.200    0.593E+00    0.314E+00    0.513E+00    0.419E-01    0.563E-01    0.248E-01    0.248E-01    0.864E-02    0.864E-02    0.124E-17    0.124E-17
    20.000     0.210    0.589E+00    0.304E+00    0.468E+00    0.390E-01    0.517E-01    0.228E-01    0.228E-01    0.773E-02    0.773E-02    0.232E-16    0.232E-16
    20.000     0.220    0.583E+00    0.295E+00    0.427E+00    0.364E-01    0.474E-01    0.209E-01    0.209E-01    0.692E-02    0.692E-02    0.544E-16    0.544E-16
    20.000     0.230    0.577E+00    0.286E+00    0.389E+00    0.339E-01    0.434E-01    0.192E-01    0.192E-01    0.618E-02    0.618E-02    0.514E-16    0.514E-16
    20.000     0.240    0.569E+00    0.276E+00    0.355E+00    0.316E-01    0.398E-01    0.176E-01    0.176E-01    0.553E-02    0.553E-02    0.338E-16    0.338E-16
    20.000     0.250    0.561E+00    0.267E+00    0.323E+00    0.295E-01    0.364E-01    0.161E-01    0.161E-01    0.494E-02    0.494E-02    0.108E-16    0.108E-16
    20.000     0.260    0.552E+00    0.258E+00    0.294E+00    0.275E-01    0.333E-01    0.148E-01    0.148E-01    0.440E-02    0.440E-02    0.000E+00    0.000E+00
    20.000     0.270    0.543E+00    0.248E+00    0.267E+00    0.256E-01    0.304E-01    0.136E-01    0.136E-01    0.393E-02    0.393E-02    0.000E+00    0.000E+00
    20.000     0.280    0.533E+00    0.239E+00    0.243E+00    0.238E-01    0.278E-01    0.124E-01    0.124E-01    0.350E-02    0.350E-02    0.848E-17    0.848E-17
    20.000     0.290    0.522E+00    0.230E+00    0.220E+00    0.222E-01    0.254E-01    0.114E-01    0.114E-01    0.311E-02    0.311E-02    0.314E-16    0.314E-16
    20.000     0.300    0.511E+00    0.221E+00    0.200E+00    0.206E-01    0.232E-01    0.104E-01    0.104E-01    0.276E-02    0.276E-02    0.760E-16    0.760E-16
    20.000     0.310    0.499E+00    0.212E+00    0.181E+00    0.191E-01    0.212E-01    0.953E-02    0.953E-02    0.245E-02    0.245E-02    0.116E-15    0.116E-15
    20.000     0.320    0.487E+00    0.203E+00    0.164E+00    0.177E-01    0.193E-01    0.871E-02    0.871E-02    0.218E-02    0.218E-02    0.815E-16    0.815E-16
    20.000     0.330    0.474E+00    0.194E+00    0.148E+00    0.164E-01    0.177E-01    0.796E-02    0.796E-02    0.193E-02    0.193E-02    0.128E-16    0.128E-16
    20.000     0.340    0.461E+00    0.185E+00    0.134E+00    0.151E-01    0.161E-01    0.726E-02    0.726E-02    0.170E-02    0.170E-02    0.000E+00    0.000E+00
    20.000     0.350    0.448E+00    0.176E+00    0.121E+00    0.139E-01    0.147E-01    0.663E-02    0.663E-02    0.150E-02    0.150E-02    0.102E-16    0.102E-16
    20.000     0.360    0.435E+00    0.168E+00    0.109E+00    0.128E-01    0.134E-01    0.604E-02    0.604E-02    0.133E-02    0.133E-02    0.869E-17    0.869E-17
    20.000     0.370    0.421E+00    0.159E+00    0.981E-01    0.118E-01    0.122E-01    0.550E-02    0.550E-02    0.117E-02    0.117E-02    0.130E-17    0.130E-17
    20.000     0.380    0.407E+00    0.151E+00    0.881E-01    0.108E-01    0.111E-01    0.500E-02    0.500E-02    0.103E-02    0.103E-02    0.448E-17    0.448E-17
    20.000     0.390    0.393E+00    0.143E+00    0.791E-01    0.988E-02    0.101E-01    0.454E-02    0.454E-02    0.901E-03    0.901E-03    0.118E-16    0.118E-16
    20.000     0.400    0.379E+00    0.135E+00    0.709E-01    0.903E-02    0.921E-02    0.412E-02    0.412E-02    0.789E-03    0.789E-03    0.995E-17    0.995E-17
    20.000     0.410    0.366E+00    0.128E+00    0.635E-01    0.824E-02    0.837E-02    0.374E-02    0.374E-02    0.690E-03    0.690E-03    0.257E-17    0.257E-17
    20.000     0.420    0.352E+00    0.120E+00    0.567E-01    0.750E-02    0.759E-02    0.338E-02    0.338E-02    0.602E-03    0.602E-03    0.000E+00    0.000E+00
    20.000     0.430    0.338E+00    0.113E+00    0.506E-01    0.682E-02    0.689E-02    0.306E-02    0.306E-02    0.525E-03    0.525E-03    0.000E+00    0.000E+00
    20.000     0.440    0.324E+00    0.106E+00    0.451E-01    0.619E-02    0.623E-02    0.276E-02    0.276E-02    0.456E-03    0.456E-03    0.887E-18    0.887E-18
    20.000     0.450    0.310E+00    0.990E-01    0.401E-01    0.560E-02    0.564E-02    0.249E-02    0.249E-02    0.396E-03    0.396E-03    0.397E-17    0.397E-17
    20.000     0.460    0.297E+00    0.924E-01    0.356E-01    0.507E-02    0.509E-02    0.224E-02    0.224E-02    0.343E-03    0.343E-03    0.117E-16    0.117E-16
    20.000     0.470    0.283E+00    0.861E-01    0.315E-01    0.457E-02    0.458E-02    0.201E-02    0.201E-02    0.296E-03    0.296E-03    0.223E-16    0.223E-16
    20.000     0.480    0.270E+00    0.800E-01    0.279E-01    0.411E-02    0.412E-02    0.180E-02    0.180E-02    0.255E-03    0.255E-03    0.242E-16    0.242E-16
    20.000     0.490    0.257E+00    0.742E-01    0.246E-01    0.369E-02    0.370E-02    0.161E-02    0.161E-02    0.219E-03    0.219E-03    0.116E-16    0.116E-16
    20.000     0.500    0.244E+00    0.687E-01    0.217E-01    0.331E-02    0.331E-02    0.144E-02    0.144E-02    0.188E-03    0.188E-03    0.000E+00    0.000E+00
    20.000     0.510    0.232E+00    0.634E-01    0.191E-01    0.296E-02    0.296E-02    0.128E-02    0.128E-02    0.161E-03    0.161E-03    0.000E+00    0.000E+00
    20.000     0.520    0.219E+00    0.583E-01    0.167E-01    0.264E-02    0.264E-02    0.114E-02    0.114E-02    0.137E-03    0.137E-03    0.000E+00    0.000E+00
    20.000     0.530    0.207E+00    0.535E-01    0.147E-01    0.234E-02    0.234E-02    0.101E-02    0.101E-02    0.116E-03    0.116E-03    0.000E+00    0.000E+00
    20.000     0.540    0.196E+00    0.490E-01    0.128E-01    0.208E-02    0.208E-02    0.890E-03    0.890E-03    0.988E-04    0.988E-04    0.000E+00    0.000E+00
    20.000     0.550    0.184E+00    0.447E-01    0.112E-01    0.183E-02    0.183E-02    0.784E-03    0.784E-03    0.835E-04    0.835E-04    0.542E-17    0.542E-17
    20.000     0.560    0.173E+00    0.407E-01    0.970E-02    0.161E-02    0.161E-02    0.688E-03    0.688E-03    0.703E-04    0.703E-04    0.118E-16    0.118E-16
    20.000     0.570    0.162E+00    0.369E-01    0.841E-02    0.142E-02    0.142E-02    0.602E-03    0.602E-03    0.590E-04    0.590E-04    0.103E-16    0.103E-16
    20.000     0.580    0.152E+00    0.334E-01    0.727E-02    0.124E-02    0.124E-02    0.524E-03    0.524E-03    0.494E-04    0.494E-04    0.341E-17    0.341E-17
    20.000     0.590    0.142E+00    0.301E-01    0.627E-02    0.108E-02    0.108E-02    0.455E-03    0.455E-03    0.412E-04    0.412E-04    0.139E-17    0.139E-17
    20.000     0.600    0.132E+00    0.270E-01    0.540E-02    0.930E-03    0.930E-03    0.393E-03    0.393E-03    0.342E-04    0.342E-04    0.694E-17    0.694E-17
    20.000     0.610    0.123E+00    0.242E-01    0.463E-02    0.801E-03    0.801E-03    0.337E-03    0.337E-03    0.283E-04    0.283E-04    0.119E-16    0.119E-16
    20.000     0.620    0.114E+00    0.215E-01    0.396E-02    0.685E-03    0.685E-03    0.288E-03    0.288E-03    0.233E-04    0.233E-04    0.112E-16    0.112E-16
    20.000     0.630    0.105E+00    0.191E-01    0.337E-02    0.583E-03    0.583E-03    0.245E-03    0.245E-03    0.191E-04    0.191E-04    0.854E-17    0.854E-17
    20.000     0.640    0.970E-01    0.169E-01    0.286E-02    0.492E-03    0.492E-03    0.206E-03    0.206E-03    0.156E-04    0.156E-04    0.432E-17    0.432E-17
    20.000     0.650    0.892E-01    0.149E-01    0.242E-02    0.412E-03    0.412E-03    0.172E-03    0.172E-03    0.127E-04    0.127E-04    0.671E-18    0.671E-18
    20.000     0.660    0.817E-01    0.130E-01    0.204E-02    0.342E-03    0.342E-03    0.143E-03    0.143E-03    0.102E-04    0.102E-04    0.146E-17    0.146E-17
    20.000     0.670    0.747E-01    0.114E-01    0.172E-02    0.280E-03    0.280E-03    0.117E-03    0.117E-03    0.824E-05    0.824E-05    0.483E-17    0.483E-17
    20.000     0.680    0.680E-01    0.984E-02    0.143E-02    0.227E-03    0.227E-03    0.949E-04    0.949E-04    0.659E-05    0.659E-05    0.717E-17    0.717E-17
    20.000     0.690    0.617E-01    0.849E-02    0.119E-02    0.181E-03    0.181E-03    0.757E-04    0.757E-04    0.524E-05    0.524E-05    0.732E-17    0.732E-17
    20.000     0.700    0.558E-01    0.727E-02    0.990E-03    0.142E-03    0.142E-03    0.593E-04    0.593E-04    0.414E-05    0.414E-05    0.643E-17    0.643E-17
    20.000     0.710    0.502E-01    0.619E-02    0.816E-03    0.109E-03    0.109E-03    0.454E-04    0.454E-04    0.324E-05    0.324E-05    0.468E-17    0.468E-17
    20.000     0.720    0.450E-01    0.524E-02    0.670E-03    0.807E-04    0.807E-04    0.338E-04    0.338E-04    0.253E-05    0.253E-05    0.268E-17    0.268E-17
    20.000     0.730    0.401E-01    0.440E-02    0.547E-03    0.574E-04    0.574E-04    0.241E-04    0.241E-04    0.195E-05    0.195E-05    0.119E-17    0.119E-17
    20.000     0.740    0.356E-01    0.367E-02    0.444E-03    0.382E-04    0.382E-04    0.162E-04    0.162E-04    0.150E-05    0.150E-05    0.208E-18    0.208E-18
    20.000     0.750    0.315E-01    0.303E-02    0.357E-03    0.223E-04    0.223E-04    0.960E-05    0.960E-05    0.114E-05    0.114E-05    0.212E-18    0.212E-18
    20.000     0.760    0.276E-01    0.248E-02    0.286E-03    0.981E-05    0.981E-05    0.445E-05    0.445E-05    0.859E-06    0.859E-06    0.847E-18    0.847E-18
    20.000     0.770    0.241E-01    0.201E-02    0.227E-03    0.224E-05    0.224E-05    0.125E-05    0.125E-05    0.641E-06    0.641E-06    0.118E-17    0.118E-17
    20.000     0.780    0.209E-01    0.161E-02    0.179E-03    0.000E+00    0.000E+00    0.117E-06    0.117E-06    0.473E-06    0.473E-06    0.737E-18    0.737E-18
    20.000     0.790    0.180E-01    0.128E-02    0.140E-03    0.000E+00    0.000E+00    0.000E+00    0.000E+00    0.346E-06    0.346E-06    0.201E-18    0.201E-18
    20.000     0.800    0.153E-01    0.101E-02    0.108E-03    0.000E+00    0.000E+00    0.000E+00    0.000E+00    0.248E-06    0.248E-06    0.471E-19    0.471E-19
    20.000     0.810    0.130E-01    0.786E-03    0.829E-04    0.000E+00    0.000E+00    0.000E+00    0.000E+00    0.177E-06    0.177E-06    0.765E-21    0.765E-21
    20.000     0.820    0.109E-01    0.603E-03    0.627E-04    0.000E+00    0.000E+00    0.000E+00    0.000E+00    0.124E-06    0.124E-06    0.000E+00    0.000E+00
    20.000     0.830    0.901E-02    0.453E-03    0.467E-04    0.000E+00    0.000E+00    0.000E+00    0.000E+00    0.850E-07    0.850E-07    0.000E+00    0.000E+00
    20.000     0.840    0.738E-02    0.334E-03    0.344E-04    0.000E+00    0.000E+00    0.000E+00    0.000E+00    0.575E-07    0.575E-07    0.000E+00    0.000E+00
    20.000     0.850    0.596E-02    0.242E-03    0.248E-04    0.000E+00    0.000E+00    0.000E+00    0.000E+00    0.378E-07    0.378E-07    0.000E+00    0.000E+00
    20.000     0.860    0.473E-02    0.171E-03    0.176E-04    0.000E+00    0.000E+00    0.000E+00    0.000E+00    0.246E-07    0.246E-07    0.183E-20    0.183E-20
    20.000     0.870    0.370E-02    0.117E-03    0.121E-04    0.000E+00    0.000E+00    0.000E+00    0.000E+00    0.152E-07    0.152E-07    0.269E-19    0.269E-19
    20.000     0.880    0.283E-02    0.781E-04    0.821E-05    0.000E+00    0.000E+00    0.000E+00    0.000E+00    0.930E-08    0.930E-08    0.489E-19    0.489E-19
    20.000     0.890    0.211E-02    0.500E-04    0.534E-05    0.000E+00    0.000E+00    0.000E+00    0.000E+00    0.536E-08    0.536E-08    0.386E-19    0.386E-19
    20.000     0.900    0.153E-02    0.306E-04    0.335E-05    0.000E+00    0.000E+00    0.000E+00    0.000E+00    0.296E-08    0.296E-08    0.133E-19    0.133E-19
    20.000     0.910    0.107E-02    0.178E-04    0.202E-05    0.000E+00    0.000E+00    0.000E+00    0.000E+00    0.158E-08    0.158E-08    0.244E-20    0.244E-20
    20.000     0.920    0.715E-03    0.956E-05    0.113E-05    0.000E+00    0.000E+00    0.000E+00    0.000E+00    0.736E-09    0.736E-09    0.144E-19    0.144E-19
    20.000     0.930    0.454E-03    0.491E-05    0.607E-06    0.000E+00    0.000E+00    0.000E+00    0.000E+00    0.367E-09    0.367E-09    0.258E-19    0.258E-19
    20.000     0.940    0.266E-03    0.204E-05    0.275E-06    0.000E+00    0.000E+00    0.000E+00    0.000E+00    0.130E-09    0.130E-09    0.163E-19    0.163E-19
    20.000     0.950    0.141E-03    0.805E-06    0.118E-06    0.000E+00    0.000E+00    0.000E+00    0.000E+00    0.589E-10    0.589E-10    0.338E-20    0.338E-20
    20.000     0.960    0.593E-04    0.190E-06    0.344E-07    0.755E-08    0.755E-08    0.302E-08    0.302E-08    0.199E-10    0.199E-10    0.000E+00    0.000E+00
    20.000     0.970    0.124E-04    0.000E+00    0.155E-08    0.181E-07    0.181E-07    0.726E-08    0.726E-08    0.805E-12    0.805E-12    0.000E+00    0.000E+00
    20.000     0.980    0.000E+00    0.592E-07    0.409E-08    0.241E-07    0.241E-07    0.963E-08    0.963E-08    0.327E-11    0.327E-11    0.693E-21    0.693E-21
    20.000     0.990    0.000E+00    0.156E-06    0.135E-07    0.199E-07    0.199E-07    0.797E-08    0.797E-08    0.928E-11    0.928E-11    0.181E-20    0.181E-20

