     Q**2          x         u           d           g          ub          db          sb          s          cb          c          bb          b
    20.000     0.010    0.505E+00    0.465E+00    0.567E+01    0.328E+00    0.348E+00    0.208E+00    0.208E+00    0.121E+00    0.121E+00    0.000E+00    0.000E+00
    20.000     0.020    0.498E+00    0.445E+00    0.398E+01    0.259E+00    0.277E+00    0.160E+00    0.160E+00    0.877E-01    0.877E-01    0.137E-16    0.137E-16
    20.000     0.030    0.506E+00    0.437E+00    0.313E+01    0.219E+00    0.234E+00    0.133E+00    0.133E+00    0.697E-01    0.697E-01    0.136E-15    0.136E-15
    20.000     0.040    0.520E+00    0.431E+00    0.266E+01    0.193E+00    0.207E+00    0.115E+00    0.115E+00    0.590E-01    0.590E-01    0.432E-16    0.432E-16
    20.000     0.050    0.533E+00    0.426E+00    0.230E+01    0.171E+00    0.185E+00    0.102E+00    0.102E+00    0.504E-01    0.504E-01    0.102E-16    0.102E-16
    20.000     0.060    0.545E+00    0.421E+00    0.202E+01    0.153E+00    0.168E+00    0.905E-01    0.905E-01    0.438E-01    0.438E-01    0.000E+00    0.000E+00
    20.000     0.070    0.556E+00    0.415E+00    0.180E+01    0.137E+00    0.154E+00    0.813E-01    0.813E-01    0.384E-01    0.384E-01    0.000E+00    0.000E+00
    20.000     0.080    0.565E+00    0.410E+00    0.161E+01    0.123E+00    0.143E+00    0.733E-01    0.733E-01    0.338E-01    0.338E-01    0.143E-16    0.143E-16
    20.000     0.090    0.574E+00    0.403E+00    0.145E+01    0.110E+00    0.132E+00    0.664E-01    0.664E-01    0.299E-01    0.299E-01    0.430E-16    0.430E-16
    20.000     0.100    0.581E+00    0.397E+00    0.131E+01    0.992E-01    0.123E+00    0.603E-01    0.603E-01    0.265E-01    0.265E-01    0.424E-16    0.424E-16
    20.000     0.110    0.587E+00    0.390E+00    0.119E+01    0.897E-01    0.114E+00    0.549E-01    0.549E-01    0.236E-01    0.236E-01    0.820E-19    0.820E-19
    20.000     0.120    0.592E+00    0.382E+00    0.108E+01    0.813E-01    0.106E+00    0.501E-01    0.501E-01    0.211E-01    0.211E-01    0.191E-16    0.191E-16
    20.000     0.130    0.596E+00    0.374E+00    0.979E+00    0.740E-01    0.983E-01    0.457E-01    0.457E-01    0.188E-01    0.188E-01    0.144E-16    0.144E-16
    20.000     0.140    0.599E+00    0.366E+00    0.892E+00    0.675E-01    0.912E-01    0.418E-01    0.418E-01    0.168E-01    0.168E-01    0.560E-17    0.560E-17
    20.000     0.150    0.601E+00    0.358E+00    0.813E+00    0.619E-01    0.845E-01    0.383E-01    0.383E-01    0.150E-01    0.150E-01    0.428E-16    0.428E-16
    20.000     0.160    0.602E+00    0.349E+00    0.741E+00    0.569E-01    0.781E-01    0.351E-01    0.351E-01    0.134E-01    0.134E-01    0.671E-16    0.671E-16
    20.000     0.170    0.602E+00    0.341E+00    0.676E+00    0.524E-01    0.722E-01    0.321E-01    0.321E-01    0.120E-01    0.120E-01    0.621E-16    0.621E-16
    20.000     0.180    0.600E+00    0.332E+00    0.617E+00    0.484E-01    0.666E-01    0.295E-01    0.295E-01    0.108E-01    0.108E-01    0.200E-16    0.200E-16
    20.000     0.190    0.598E+00    0.323E+00    0.563E+00    0.449E-01    0.614E-01    0.270E-01    0.270E-01    0.964E-02    0.964E-02    0.000E+00    0.000E+00
    20.000     0.200    0.594E+00    0.314E+00    0.513E+00    0.416E-01    0.565E-01    0.248E-01    0.248E-01    0.862E-02    0.862E-02    0.110E-16    0.110E-16
    20.000     0.210    0.590E+00    0.304E+00    0.468E+00    0.387E-01    0.519E-01    0.227E-01    0.227E-01    0.771E-02    0.771E-02    0.829E-17    0.829E-17
    20.000     0.220    0.584E+00    0.295E+00    0.427E+00    0.360E-01    0.476E-01    0.209E-01    0.209E-01    0.689E-02    0.689E-02    0.000E+00    0.000E+00
    20.000     0.230    0.578E+00    0.286E+00    0.389E+00    0.335E-01    0.437E-01    0.191E-01    0.191E-01    0.615E-02    0.615E-02    0.000E+00    0.000E+00
    20.000     0.240    0.571E+00    0.277E+00    0.354E+00    0.312E-01    0.400E-01    0.175E-01    0.175E-01    0.549E-02    0.549E-02    0.794E-17    0.794E-17
    20.000     0.250    0.563E+00    0.267E+00    0.322E+00    0.291E-01    0.366E-01    0.161E-01    0.161E-01    0.489E-02    0.489E-02    0.390E-16    0.390E-16
    20.000     0.260    0.554E+00    0.258E+00    0.293E+00    0.271E-01    0.335E-01    0.147E-01    0.147E-01    0.436E-02    0.436E-02    0.540E-16    0.540E-16
    20.000     0.270    0.544E+00    0.249E+00    0.266E+00    0.253E-01    0.306E-01    0.135E-01    0.135E-01    0.388E-02    0.388E-02    0.451E-16    0.451E-16
    20.000     0.280    0.534E+00    0.239E+00    0.241E+00    0.235E-01    0.279E-01    0.124E-01    0.124E-01    0.345E-02    0.345E-02    0.409E-16    0.409E-16
    20.000     0.290    0.524E+00    0.230E+00    0.219E+00    0.219E-01    0.255E-01    0.113E-01    0.113E-01    0.306E-02    0.306E-02    0.413E-16    0.413E-16
    20.000     0.300    0.512E+00    0.221E+00    0.198E+00    0.203E-01    0.233E-01    0.103E-01    0.103E-01    0.272E-02    0.272E-02    0.259E-16    0.259E-16
    20.000     0.310    0.500E+00    0.212E+00    0.179E+00    0.188E-01    0.212E-01    0.946E-02    0.946E-02    0.241E-02    0.241E-02    0.415E-17    0.415E-17
    20.000     0.320    0.488E+00    0.203E+00    0.162E+00    0.174E-01    0.194E-01    0.864E-02    0.864E-02    0.213E-02    0.213E-02    0.203E-17    0.203E-17
    20.000     0.330    0.476E+00    0.194E+00    0.146E+00    0.161E-01    0.177E-01    0.789E-02    0.789E-02    0.188E-02    0.188E-02    0.113E-16    0.113E-16
    20.000     0.340    0.463E+00    0.185E+00    0.132E+00    0.149E-01    0.161E-01    0.720E-02    0.720E-02    0.166E-02    0.166E-02    0.150E-16    0.150E-16
    20.000     0.350    0.450E+00    0.176E+00    0.119E+00    0.137E-01    0.147E-01    0.656E-02    0.656E-02    0.146E-02    0.146E-02    0.140E-16    0.140E-16
    20.000     0.360    0.436E+00    0.168E+00    0.107E+00    0.126E-01    0.134E-01    0.597E-02    0.597E-02    0.129E-02    0.129E-02    0.840E-17    0.840E-17
    20.000     0.370    0.423E+00    0.159E+00    0.962E-01    0.116E-01    0.122E-01    0.543E-02    0.543E-02    0.113E-02    0.113E-02    0.140E-17    0.140E-17
    20.000     0.380    0.409E+00    0.151E+00    0.863E-01    0.107E-01    0.111E-01    0.494E-02    0.494E-02    0.992E-03    0.992E-03    0.000E+00    0.000E+00
    20.000     0.390    0.395E+00    0.143E+00    0.773E-01    0.975E-02    0.101E-01    0.448E-02    0.448E-02    0.869E-03    0.869E-03    0.000E+00    0.000E+00
    20.000     0.400    0.381E+00    0.135E+00    0.692E-01    0.891E-02    0.914E-02    0.406E-02    0.406E-02    0.759E-03    0.759E-03    0.138E-16    0.138E-16
    20.000     0.410    0.367E+00    0.127E+00    0.618E-01    0.813E-02    0.829E-02    0.368E-02    0.368E-02    0.662E-03    0.662E-03    0.343E-16    0.343E-16
    20.000     0.420    0.353E+00    0.120E+00    0.551E-01    0.740E-02    0.752E-02    0.333E-02    0.333E-02    0.576E-03    0.576E-03    0.392E-16    0.392E-16
    20.000     0.430    0.339E+00    0.113E+00    0.491E-01    0.672E-02    0.681E-02    0.301E-02    0.301E-02    0.501E-03    0.501E-03    0.313E-16    0.313E-16
    20.000     0.440    0.325E+00    0.106E+00    0.437E-01    0.610E-02    0.616E-02    0.271E-02    0.271E-02    0.434E-03    0.434E-03    0.241E-16    0.241E-16
    20.000     0.450    0.312E+00    0.988E-01    0.388E-01    0.552E-02    0.556E-02    0.244E-02    0.244E-02    0.376E-03    0.376E-03    0.208E-16    0.208E-16
    20.000     0.460    0.298E+00    0.922E-01    0.344E-01    0.498E-02    0.501E-02    0.219E-02    0.219E-02    0.324E-03    0.324E-03    0.212E-16    0.212E-16
    20.000     0.470    0.284E+00    0.858E-01    0.304E-01    0.449E-02    0.451E-02    0.197E-02    0.197E-02    0.279E-03    0.279E-03    0.247E-16    0.247E-16
    20.000     0.480    0.271E+00    0.797E-01    0.268E-01    0.404E-02    0.405E-02    0.176E-02    0.176E-02    0.240E-03    0.240E-03    0.267E-16    0.267E-16
    20.000     0.490    0.258E+00    0.739E-01    0.236E-01    0.362E-02    0.363E-02    0.157E-02    0.157E-02    0.206E-03    0.206E-03    0.243E-16    0.243E-16
    20.000     0.500    0.245E+00    0.683E-01    0.208E-01    0.324E-02    0.325E-02    0.140E-02    0.140E-02    0.176E-03    0.176E-03    0.186E-16    0.186E-16
    20.000     0.510    0.233E+00    0.630E-01    0.183E-01    0.289E-02    0.289E-02    0.125E-02    0.125E-02    0.150E-03    0.150E-03    0.857E-17    0.857E-17
    20.000     0.520    0.220E+00    0.579E-01    0.160E-01    0.257E-02    0.257E-02    0.111E-02    0.111E-02    0.127E-03    0.127E-03    0.391E-20    0.391E-20
    20.000     0.530    0.208E+00    0.531E-01    0.140E-01    0.228E-02    0.228E-02    0.978E-03    0.978E-03    0.108E-03    0.108E-03    0.104E-17    0.104E-17
    20.000     0.540    0.196E+00    0.486E-01    0.122E-01    0.202E-02    0.202E-02    0.862E-03    0.862E-03    0.913E-04    0.913E-04    0.566E-17    0.566E-17
    20.000     0.550    0.185E+00    0.443E-01    0.106E-01    0.178E-02    0.178E-02    0.757E-03    0.757E-03    0.769E-04    0.769E-04    0.116E-16    0.116E-16
    20.000     0.560    0.174E+00    0.403E-01    0.920E-02    0.156E-02    0.156E-02    0.663E-03    0.663E-03    0.646E-04    0.646E-04    0.160E-16    0.160E-16
    20.000     0.570    0.163E+00    0.365E-01    0.797E-02    0.136E-02    0.136E-02    0.578E-03    0.578E-03    0.541E-04    0.541E-04    0.130E-16    0.130E-16
    20.000     0.580    0.152E+00    0.330E-01    0.688E-02    0.119E-02    0.119E-02    0.502E-03    0.502E-03    0.451E-04    0.451E-04    0.474E-17    0.474E-17
    20.000     0.590    0.142E+00    0.297E-01    0.593E-02    0.103E-02    0.103E-02    0.434E-03    0.434E-03    0.375E-04    0.375E-04    0.000E+00    0.000E+00
    20.000     0.600    0.133E+00    0.266E-01    0.509E-02    0.886E-03    0.886E-03    0.373E-03    0.373E-03    0.311E-04    0.311E-04    0.000E+00    0.000E+00
    20.000     0.610    0.123E+00    0.238E-01    0.436E-02    0.759E-03    0.759E-03    0.319E-03    0.319E-03    0.256E-04    0.256E-04    0.000E+00    0.000E+00
    20.000     0.620    0.114E+00    0.212E-01    0.372E-02    0.646E-03    0.646E-03    0.271E-03    0.271E-03    0.210E-04    0.210E-04    0.000E+00    0.000E+00
    20.000     0.630    0.106E+00    0.188E-01    0.317E-02    0.545E-03    0.545E-03    0.228E-03    0.228E-03    0.172E-04    0.172E-04    0.000E+00    0.000E+00
    20.000     0.640    0.973E-01    0.166E-01    0.269E-02    0.457E-03    0.457E-03    0.191E-03    0.191E-03    0.140E-04    0.140E-04    0.235E-17    0.235E-17
    20.000     0.650    0.895E-01    0.146E-01    0.228E-02    0.379E-03    0.379E-03    0.158E-03    0.158E-03    0.114E-04    0.114E-04    0.461E-17    0.461E-17
    20.000     0.660    0.820E-01    0.127E-01    0.192E-02    0.311E-03    0.311E-03    0.130E-03    0.130E-03    0.917E-05    0.917E-05    0.374E-17    0.374E-17
    20.000     0.670    0.749E-01    0.111E-01    0.161E-02    0.251E-03    0.251E-03    0.105E-03    0.105E-03    0.736E-05    0.736E-05    0.122E-17    0.122E-17
    20.000     0.680    0.682E-01    0.959E-02    0.135E-02    0.200E-03    0.200E-03    0.835E-04    0.835E-04    0.588E-05    0.588E-05    0.204E-18    0.204E-18
    20.000     0.690    0.619E-01    0.826E-02    0.112E-02    0.156E-03    0.156E-03    0.652E-04    0.652E-04    0.466E-05    0.466E-05    0.135E-17    0.135E-17
    20.000     0.700    0.559E-01    0.707E-02    0.930E-03    0.119E-03    0.119E-03    0.496E-04    0.496E-04    0.368E-05    0.368E-05    0.261E-17    0.261E-17
    20.000     0.710    0.503E-01    0.601E-02    0.767E-03    0.869E-04    0.869E-04    0.365E-04    0.365E-04    0.288E-05    0.288E-05    0.283E-17    0.283E-17
    20.000     0.720    0.451E-01    0.508E-02    0.631E-03    0.607E-04    0.607E-04    0.256E-04    0.256E-04    0.224E-05    0.224E-05    0.256E-17    0.256E-17
    20.000     0.730    0.402E-01    0.426E-02    0.515E-03    0.384E-04    0.384E-04    0.164E-04    0.164E-04    0.173E-05    0.173E-05    0.154E-17    0.154E-17
    20.000     0.740    0.357E-01    0.354E-02    0.418E-03    0.210E-04    0.210E-04    0.922E-05    0.922E-05    0.133E-05    0.133E-05    0.375E-18    0.375E-18
    20.000     0.750    0.315E-01    0.292E-02    0.338E-03    0.923E-05    0.923E-05    0.419E-05    0.419E-05    0.101E-05    0.101E-05    0.000E+00    0.000E+00
    20.000     0.760    0.277E-01    0.239E-02    0.271E-03    0.242E-05    0.242E-05    0.114E-05    0.114E-05    0.762E-06    0.762E-06    0.000E+00    0.000E+00
    20.000     0.770    0.241E-01    0.194E-02    0.216E-03    0.000E+00    0.000E+00    0.000E+00    0.000E+00    0.570E-06    0.570E-06    0.541E-19    0.541E-19
    20.000     0.780    0.209E-01    0.155E-02    0.170E-03    0.000E+00    0.000E+00    0.000E+00    0.000E+00    0.421E-06    0.421E-06    0.244E-18    0.244E-18
    20.000     0.790    0.180E-01    0.123E-02    0.133E-03    0.000E+00    0.000E+00    0.000E+00    0.000E+00    0.309E-06    0.309E-06    0.421E-18    0.421E-18
    20.000     0.800    0.154E-01    0.974E-03    0.103E-03    0.000E+00    0.000E+00    0.000E+00    0.000E+00    0.222E-06    0.222E-06    0.441E-18    0.441E-18
    20.000     0.810    0.130E-01    0.765E-03    0.794E-04    0.000E+00    0.000E+00    0.000E+00    0.000E+00    0.159E-06    0.159E-06    0.424E-18    0.424E-18
    20.000     0.820    0.109E-01    0.590E-03    0.602E-04    0.000E+00    0.000E+00    0.000E+00    0.000E+00    0.111E-06    0.111E-06    0.473E-18    0.473E-18
    20.000     0.830    0.903E-02    0.446E-03    0.450E-04    0.000E+00    0.000E+00    0.000E+00    0.000E+00    0.770E-07    0.770E-07    0.526E-18    0.526E-18
    20.000     0.840    0.739E-02    0.331E-03    0.332E-04    0.000E+00    0.000E+00    0.000E+00    0.000E+00    0.524E-07    0.524E-07    0.447E-18    0.447E-18
    20.000     0.850    0.597E-02    0.241E-03    0.240E-04    0.000E+00    0.000E+00    0.000E+00    0.000E+00    0.346E-07    0.346E-07    0.211E-18    0.211E-18
    20.000     0.860    0.474E-02    0.172E-03    0.171E-04    0.000E+00    0.000E+00    0.000E+00    0.000E+00    0.227E-07    0.227E-07    0.000E+00    0.000E+00
    20.000     0.870    0.370E-02    0.120E-03    0.119E-04    0.000E+00    0.000E+00    0.000E+00    0.000E+00    0.141E-07    0.141E-07    0.000E+00    0.000E+00
    20.000     0.880    0.283E-02    0.813E-04    0.804E-05    0.000E+00    0.000E+00    0.000E+00    0.000E+00    0.872E-08    0.872E-08    0.000E+00    0.000E+00
    20.000     0.890    0.211E-02    0.533E-04    0.525E-05    0.000E+00    0.000E+00    0.000E+00    0.000E+00    0.508E-08    0.508E-08    0.000E+00    0.000E+00
    20.000     0.900    0.153E-02    0.337E-04    0.331E-05    0.000E+00    0.000E+00    0.000E+00    0.000E+00    0.283E-08    0.283E-08    0.000E+00    0.000E+00
    20.000     0.910    0.107E-02    0.205E-04    0.199E-05    0.000E+00    0.000E+00    0.000E+00    0.000E+00    0.152E-08    0.152E-08    0.000E+00    0.000E+00
    20.000     0.920    0.716E-03    0.117E-04    0.112E-05    0.000E+00    0.000E+00    0.000E+00    0.000E+00    0.720E-09    0.720E-09    0.000E+00    0.000E+00
    20.000     0.930    0.454E-03    0.651E-05    0.603E-06    0.000E+00    0.000E+00    0.000E+00    0.000E+00    0.359E-09    0.359E-09    0.142E-21    0.142E-21
    20.000     0.940    0.267E-03    0.313E-05    0.274E-06    0.000E+00    0.000E+00    0.000E+00    0.000E+00    0.129E-09    0.129E-09    0.247E-20    0.247E-20
    20.000     0.950    0.141E-03    0.145E-05    0.117E-06    0.000E+00    0.000E+00    0.000E+00    0.000E+00    0.572E-10    0.572E-10    0.453E-20    0.453E-20
    20.000     0.960    0.593E-04    0.496E-06    0.342E-07    0.897E-08    0.897E-08    0.359E-08    0.359E-08    0.185E-10    0.185E-10    0.381E-20    0.381E-20
    20.000     0.970    0.124E-04    0.595E-07    0.154E-08    0.216E-07    0.216E-07    0.862E-08    0.862E-08    0.442E-12    0.442E-12    0.149E-20    0.149E-20
    20.000     0.980    0.000E+00    0.765E-08    0.403E-08    0.286E-07    0.286E-07    0.114E-07    0.114E-07    0.343E-11    0.343E-11    0.000E+00    0.000E+00
    20.000     0.990    0.000E+00    0.787E-07    0.133E-07    0.237E-07    0.237E-07    0.947E-08    0.947E-08    0.951E-11    0.951E-11    0.000E+00    0.000E+00

