     Q**2          x         u           d           g          ub          db          sb          s          cb          c          bb          b
    20.000     0.010    0.504E+00    0.465E+00    0.565E+01    0.328E+00    0.348E+00    0.207E+00    0.207E+00    0.121E+00    0.121E+00    0.387E-16    0.387E-16
    20.000     0.020    0.498E+00    0.445E+00    0.398E+01    0.259E+00    0.277E+00    0.160E+00    0.160E+00    0.876E-01    0.876E-01    0.000E+00    0.000E+00
    20.000     0.030    0.506E+00    0.436E+00    0.313E+01    0.219E+00    0.234E+00    0.132E+00    0.132E+00    0.697E-01    0.697E-01    0.000E+00    0.000E+00
    20.000     0.040    0.520E+00    0.431E+00    0.266E+01    0.193E+00    0.207E+00    0.115E+00    0.115E+00    0.590E-01    0.590E-01    0.000E+00    0.000E+00
    20.000     0.050    0.533E+00    0.426E+00    0.230E+01    0.171E+00    0.185E+00    0.102E+00    0.102E+00    0.505E-01    0.505E-01    0.000E+00    0.000E+00
    20.000     0.060    0.545E+00    0.421E+00    0.203E+01    0.153E+00    0.168E+00    0.906E-01    0.906E-01    0.439E-01    0.439E-01    0.000E+00    0.000E+00
    20.000     0.070    0.556E+00    0.415E+00    0.180E+01    0.137E+00    0.154E+00    0.813E-01    0.813E-01    0.385E-01    0.385E-01    0.378E-16    0.378E-16
    20.000     0.080    0.565E+00    0.409E+00    0.161E+01    0.122E+00    0.142E+00    0.733E-01    0.733E-01    0.339E-01    0.339E-01    0.272E-16    0.272E-16
    20.000     0.090    0.574E+00    0.403E+00    0.145E+01    0.110E+00    0.132E+00    0.664E-01    0.664E-01    0.300E-01    0.300E-01    0.000E+00    0.000E+00
    20.000     0.100    0.581E+00    0.397E+00    0.131E+01    0.991E-01    0.122E+00    0.603E-01    0.603E-01    0.266E-01    0.266E-01    0.000E+00    0.000E+00
    20.000     0.110    0.587E+00    0.390E+00    0.119E+01    0.896E-01    0.114E+00    0.549E-01    0.549E-01    0.237E-01    0.237E-01    0.000E+00    0.000E+00
    20.000     0.120    0.593E+00    0.382E+00    0.108E+01    0.813E-01    0.106E+00    0.501E-01    0.501E-01    0.212E-01    0.212E-01    0.000E+00    0.000E+00
    20.000     0.130    0.597E+00    0.374E+00    0.982E+00    0.739E-01    0.982E-01    0.458E-01    0.458E-01    0.189E-01    0.189E-01    0.000E+00    0.000E+00
    20.000     0.140    0.600E+00    0.366E+00    0.895E+00    0.675E-01    0.911E-01    0.418E-01    0.418E-01    0.169E-01    0.169E-01    0.000E+00    0.000E+00
    20.000     0.150    0.601E+00    0.358E+00    0.816E+00    0.619E-01    0.844E-01    0.383E-01    0.383E-01    0.151E-01    0.151E-01    0.000E+00    0.000E+00
    20.000     0.160    0.602E+00    0.349E+00    0.744E+00    0.568E-01    0.780E-01    0.351E-01    0.351E-01    0.135E-01    0.135E-01    0.000E+00    0.000E+00
    20.000     0.170    0.602E+00    0.340E+00    0.679E+00    0.524E-01    0.721E-01    0.322E-01    0.322E-01    0.121E-01    0.121E-01    0.483E-17    0.483E-17
    20.000     0.180    0.600E+00    0.331E+00    0.620E+00    0.484E-01    0.665E-01    0.295E-01    0.295E-01    0.108E-01    0.108E-01    0.403E-16    0.403E-16
    20.000     0.190    0.598E+00    0.322E+00    0.565E+00    0.448E-01    0.613E-01    0.270E-01    0.270E-01    0.969E-02    0.969E-02    0.427E-16    0.427E-16
    20.000     0.200    0.594E+00    0.313E+00    0.516E+00    0.416E-01    0.564E-01    0.248E-01    0.248E-01    0.868E-02    0.868E-02    0.636E-17    0.636E-17
    20.000     0.210    0.590E+00    0.304E+00    0.470E+00    0.387E-01    0.518E-01    0.227E-01    0.227E-01    0.776E-02    0.776E-02    0.000E+00    0.000E+00
    20.000     0.220    0.584E+00    0.295E+00    0.429E+00    0.360E-01    0.476E-01    0.209E-01    0.209E-01    0.693E-02    0.693E-02    0.683E-18    0.683E-18
    20.000     0.230    0.578E+00    0.286E+00    0.391E+00    0.335E-01    0.436E-01    0.191E-01    0.191E-01    0.619E-02    0.619E-02    0.883E-17    0.883E-17
    20.000     0.240    0.571E+00    0.276E+00    0.356E+00    0.312E-01    0.399E-01    0.175E-01    0.175E-01    0.553E-02    0.553E-02    0.115E-16    0.115E-16
    20.000     0.250    0.563E+00    0.267E+00    0.324E+00    0.291E-01    0.365E-01    0.161E-01    0.161E-01    0.493E-02    0.493E-02    0.316E-17    0.316E-17
    20.000     0.260    0.554E+00    0.258E+00    0.294E+00    0.271E-01    0.334E-01    0.147E-01    0.147E-01    0.439E-02    0.439E-02    0.570E-17    0.570E-17
    20.000     0.270    0.545E+00    0.248E+00    0.267E+00    0.252E-01    0.305E-01    0.135E-01    0.135E-01    0.391E-02    0.391E-02    0.214E-16    0.214E-16
    20.000     0.280    0.534E+00    0.239E+00    0.243E+00    0.235E-01    0.279E-01    0.124E-01    0.124E-01    0.348E-02    0.348E-02    0.253E-16    0.253E-16
    20.000     0.290    0.524E+00    0.230E+00    0.220E+00    0.218E-01    0.255E-01    0.113E-01    0.113E-01    0.309E-02    0.309E-02    0.167E-16    0.167E-16
    20.000     0.300    0.512E+00    0.221E+00    0.199E+00    0.203E-01    0.232E-01    0.103E-01    0.103E-01    0.274E-02    0.274E-02    0.789E-17    0.789E-17
    20.000     0.310    0.501E+00    0.212E+00    0.181E+00    0.188E-01    0.212E-01    0.946E-02    0.946E-02    0.243E-02    0.243E-02    0.120E-17    0.120E-17
    20.000     0.320    0.488E+00    0.203E+00    0.163E+00    0.174E-01    0.193E-01    0.864E-02    0.864E-02    0.215E-02    0.215E-02    0.000E+00    0.000E+00
    20.000     0.330    0.476E+00    0.194E+00    0.147E+00    0.161E-01    0.176E-01    0.789E-02    0.789E-02    0.190E-02    0.190E-02    0.000E+00    0.000E+00
    20.000     0.340    0.463E+00    0.185E+00    0.133E+00    0.149E-01    0.161E-01    0.719E-02    0.719E-02    0.168E-02    0.168E-02    0.115E-16    0.115E-16
    20.000     0.350    0.450E+00    0.176E+00    0.120E+00    0.137E-01    0.146E-01    0.656E-02    0.656E-02    0.148E-02    0.148E-02    0.250E-16    0.250E-16
    20.000     0.360    0.436E+00    0.168E+00    0.108E+00    0.126E-01    0.133E-01    0.597E-02    0.597E-02    0.130E-02    0.130E-02    0.187E-16    0.187E-16
    20.000     0.370    0.423E+00    0.159E+00    0.968E-01    0.116E-01    0.121E-01    0.543E-02    0.543E-02    0.114E-02    0.114E-02    0.337E-17    0.337E-17
    20.000     0.380    0.409E+00    0.151E+00    0.869E-01    0.106E-01    0.110E-01    0.493E-02    0.493E-02    0.100E-02    0.100E-02    0.000E+00    0.000E+00
    20.000     0.390    0.395E+00    0.143E+00    0.779E-01    0.973E-02    0.100E-01    0.448E-02    0.448E-02    0.876E-03    0.876E-03    0.000E+00    0.000E+00
    20.000     0.400    0.381E+00    0.135E+00    0.697E-01    0.889E-02    0.912E-02    0.406E-02    0.406E-02    0.766E-03    0.766E-03    0.000E+00    0.000E+00
    20.000     0.410    0.367E+00    0.127E+00    0.622E-01    0.811E-02    0.828E-02    0.368E-02    0.368E-02    0.668E-03    0.668E-03    0.000E+00    0.000E+00
    20.000     0.420    0.353E+00    0.120E+00    0.555E-01    0.738E-02    0.750E-02    0.333E-02    0.333E-02    0.581E-03    0.581E-03    0.000E+00    0.000E+00
    20.000     0.430    0.339E+00    0.113E+00    0.495E-01    0.671E-02    0.679E-02    0.300E-02    0.300E-02    0.505E-03    0.505E-03    0.000E+00    0.000E+00
    20.000     0.440    0.325E+00    0.106E+00    0.440E-01    0.608E-02    0.614E-02    0.271E-02    0.271E-02    0.438E-03    0.438E-03    0.278E-17    0.278E-17
    20.000     0.450    0.311E+00    0.988E-01    0.390E-01    0.550E-02    0.555E-02    0.244E-02    0.244E-02    0.379E-03    0.379E-03    0.933E-17    0.933E-17
    20.000     0.460    0.298E+00    0.922E-01    0.346E-01    0.497E-02    0.500E-02    0.219E-02    0.219E-02    0.327E-03    0.327E-03    0.175E-16    0.175E-16
    20.000     0.470    0.284E+00    0.858E-01    0.306E-01    0.448E-02    0.450E-02    0.196E-02    0.196E-02    0.282E-03    0.282E-03    0.248E-16    0.248E-16
    20.000     0.480    0.271E+00    0.797E-01    0.270E-01    0.403E-02    0.404E-02    0.176E-02    0.176E-02    0.242E-03    0.242E-03    0.239E-16    0.239E-16
    20.000     0.490    0.258E+00    0.739E-01    0.238E-01    0.361E-02    0.362E-02    0.157E-02    0.157E-02    0.207E-03    0.207E-03    0.112E-16    0.112E-16
    20.000     0.500    0.245E+00    0.683E-01    0.209E-01    0.323E-02    0.324E-02    0.140E-02    0.140E-02    0.177E-03    0.177E-03    0.000E+00    0.000E+00
    20.000     0.510    0.232E+00    0.630E-01    0.184E-01    0.288E-02    0.289E-02    0.124E-02    0.124E-02    0.151E-03    0.151E-03    0.000E+00    0.000E+00
    20.000     0.520    0.220E+00    0.579E-01    0.161E-01    0.256E-02    0.257E-02    0.110E-02    0.110E-02    0.129E-03    0.129E-03    0.000E+00    0.000E+00
    20.000     0.530    0.208E+00    0.531E-01    0.141E-01    0.227E-02    0.228E-02    0.976E-03    0.976E-03    0.109E-03    0.109E-03    0.146E-16    0.146E-16
    20.000     0.540    0.196E+00    0.486E-01    0.123E-01    0.201E-02    0.201E-02    0.860E-03    0.860E-03    0.921E-04    0.921E-04    0.284E-16    0.284E-16
    20.000     0.550    0.185E+00    0.443E-01    0.107E-01    0.177E-02    0.177E-02    0.756E-03    0.756E-03    0.776E-04    0.776E-04    0.256E-16    0.256E-16
    20.000     0.560    0.174E+00    0.403E-01    0.926E-02    0.156E-02    0.156E-02    0.661E-03    0.661E-03    0.652E-04    0.652E-04    0.146E-16    0.146E-16
    20.000     0.570    0.163E+00    0.365E-01    0.802E-02    0.136E-02    0.136E-02    0.577E-03    0.577E-03    0.546E-04    0.546E-04    0.619E-17    0.619E-17
    20.000     0.580    0.152E+00    0.330E-01    0.692E-02    0.118E-02    0.118E-02    0.501E-03    0.501E-03    0.455E-04    0.455E-04    0.168E-17    0.168E-17
    20.000     0.590    0.142E+00    0.297E-01    0.596E-02    0.103E-02    0.103E-02    0.433E-03    0.433E-03    0.379E-04    0.379E-04    0.000E+00    0.000E+00
    20.000     0.600    0.132E+00    0.267E-01    0.512E-02    0.883E-03    0.883E-03    0.372E-03    0.372E-03    0.313E-04    0.313E-04    0.000E+00    0.000E+00
    20.000     0.610    0.123E+00    0.238E-01    0.439E-02    0.757E-03    0.757E-03    0.318E-03    0.318E-03    0.259E-04    0.259E-04    0.000E+00    0.000E+00
    20.000     0.620    0.114E+00    0.212E-01    0.374E-02    0.644E-03    0.644E-03    0.270E-03    0.270E-03    0.212E-04    0.212E-04    0.000E+00    0.000E+00
    20.000     0.630    0.105E+00    0.188E-01    0.319E-02    0.544E-03    0.544E-03    0.228E-03    0.228E-03    0.174E-04    0.174E-04    0.000E+00    0.000E+00
    20.000     0.640    0.972E-01    0.166E-01    0.270E-02    0.455E-03    0.455E-03    0.191E-03    0.191E-03    0.141E-04    0.141E-04    0.241E-17    0.241E-17
    20.000     0.650    0.894E-01    0.146E-01    0.229E-02    0.377E-03    0.377E-03    0.158E-03    0.158E-03    0.115E-04    0.115E-04    0.572E-17    0.572E-17
    20.000     0.660    0.819E-01    0.128E-01    0.193E-02    0.309E-03    0.309E-03    0.129E-03    0.129E-03    0.924E-05    0.924E-05    0.971E-17    0.971E-17
    20.000     0.670    0.748E-01    0.111E-01    0.162E-02    0.250E-03    0.250E-03    0.105E-03    0.105E-03    0.742E-05    0.742E-05    0.128E-16    0.128E-16
    20.000     0.680    0.681E-01    0.963E-02    0.135E-02    0.199E-03    0.199E-03    0.833E-04    0.833E-04    0.592E-05    0.592E-05    0.114E-16    0.114E-16
    20.000     0.690    0.618E-01    0.830E-02    0.113E-02    0.155E-03    0.155E-03    0.650E-04    0.650E-04    0.469E-05    0.469E-05    0.562E-17    0.562E-17
    20.000     0.700    0.558E-01    0.710E-02    0.934E-03    0.118E-03    0.118E-03    0.495E-04    0.495E-04    0.370E-05    0.370E-05    0.523E-18    0.523E-18
    20.000     0.710    0.502E-01    0.605E-02    0.770E-03    0.867E-04    0.867E-04    0.364E-04    0.364E-04    0.290E-05    0.290E-05    0.707E-19    0.707E-19
    20.000     0.720    0.450E-01    0.511E-02    0.633E-03    0.605E-04    0.605E-04    0.255E-04    0.255E-04    0.226E-05    0.226E-05    0.765E-18    0.765E-18
    20.000     0.730    0.402E-01    0.429E-02    0.516E-03    0.383E-04    0.383E-04    0.164E-04    0.164E-04    0.174E-05    0.174E-05    0.513E-18    0.513E-18
    20.000     0.740    0.356E-01    0.357E-02    0.419E-03    0.210E-04    0.210E-04    0.920E-05    0.920E-05    0.134E-05    0.134E-05    0.125E-18    0.125E-18
    20.000     0.750    0.315E-01    0.295E-02    0.338E-03    0.921E-05    0.921E-05    0.419E-05    0.419E-05    0.102E-05    0.102E-05    0.000E+00    0.000E+00
    20.000     0.760    0.276E-01    0.242E-02    0.271E-03    0.242E-05    0.242E-05    0.114E-05    0.114E-05    0.766E-06    0.766E-06    0.000E+00    0.000E+00
    20.000     0.770    0.241E-01    0.196E-02    0.216E-03    0.000E+00    0.000E+00    0.000E+00    0.000E+00    0.573E-06    0.573E-06    0.293E-18    0.293E-18
    20.000     0.780    0.209E-01    0.157E-02    0.170E-03    0.000E+00    0.000E+00    0.000E+00    0.000E+00    0.423E-06    0.423E-06    0.133E-17    0.133E-17
    20.000     0.790    0.180E-01    0.125E-02    0.134E-03    0.000E+00    0.000E+00    0.000E+00    0.000E+00    0.310E-06    0.310E-06    0.233E-17    0.233E-17
    20.000     0.800    0.153E-01    0.990E-03    0.103E-03    0.000E+00    0.000E+00    0.000E+00    0.000E+00    0.223E-06    0.223E-06    0.269E-17    0.269E-17
    20.000     0.810    0.130E-01    0.779E-03    0.794E-04    0.000E+00    0.000E+00    0.000E+00    0.000E+00    0.159E-06    0.159E-06    0.262E-17    0.262E-17
    20.000     0.820    0.109E-01    0.602E-03    0.602E-04    0.000E+00    0.000E+00    0.000E+00    0.000E+00    0.112E-06    0.112E-06    0.179E-17    0.179E-17
    20.000     0.830    0.901E-02    0.456E-03    0.450E-04    0.000E+00    0.000E+00    0.000E+00    0.000E+00    0.772E-07    0.772E-07    0.625E-18    0.625E-18
    20.000     0.840    0.737E-02    0.339E-03    0.332E-04    0.000E+00    0.000E+00    0.000E+00    0.000E+00    0.525E-07    0.525E-07    0.000E+00    0.000E+00
    20.000     0.850    0.595E-02    0.248E-03    0.240E-04    0.000E+00    0.000E+00    0.000E+00    0.000E+00    0.347E-07    0.347E-07    0.000E+00    0.000E+00
    20.000     0.860    0.473E-02    0.178E-03    0.171E-04    0.000E+00    0.000E+00    0.000E+00    0.000E+00    0.227E-07    0.227E-07    0.506E-20    0.506E-20
    20.000     0.870    0.369E-02    0.124E-03    0.118E-04    0.000E+00    0.000E+00    0.000E+00    0.000E+00    0.141E-07    0.141E-07    0.762E-19    0.762E-19
    20.000     0.880    0.282E-02    0.849E-04    0.803E-05    0.000E+00    0.000E+00    0.000E+00    0.000E+00    0.872E-08    0.872E-08    0.144E-18    0.144E-18
    20.000     0.890    0.210E-02    0.560E-04    0.524E-05    0.000E+00    0.000E+00    0.000E+00    0.000E+00    0.507E-08    0.507E-08    0.147E-18    0.147E-18
    20.000     0.900    0.152E-02    0.358E-04    0.330E-05    0.000E+00    0.000E+00    0.000E+00    0.000E+00    0.283E-08    0.283E-08    0.108E-18    0.108E-18
    20.000     0.910    0.107E-02    0.220E-04    0.199E-05    0.000E+00    0.000E+00    0.000E+00    0.000E+00    0.152E-08    0.152E-08    0.626E-19    0.626E-19
    20.000     0.920    0.713E-03    0.127E-04    0.112E-05    0.000E+00    0.000E+00    0.000E+00    0.000E+00    0.718E-09    0.718E-09    0.263E-19    0.263E-19
    20.000     0.930    0.452E-03    0.716E-05    0.601E-06    0.000E+00    0.000E+00    0.000E+00    0.000E+00    0.358E-09    0.358E-09    0.000E+00    0.000E+00
    20.000     0.940    0.265E-03    0.352E-05    0.273E-06    0.000E+00    0.000E+00    0.000E+00    0.000E+00    0.129E-09    0.129E-09    0.000E+00    0.000E+00
    20.000     0.950    0.141E-03    0.166E-05    0.117E-06    0.000E+00    0.000E+00    0.000E+00    0.000E+00    0.570E-10    0.570E-10    0.000E+00    0.000E+00
    20.000     0.960    0.590E-04    0.587E-06    0.340E-07    0.893E-08    0.893E-08    0.357E-08    0.357E-08    0.185E-10    0.185E-10    0.846E-22    0.846E-22
    20.000     0.970    0.124E-04    0.794E-07    0.152E-08    0.215E-07    0.215E-07    0.859E-08    0.859E-08    0.462E-12    0.462E-12    0.203E-21    0.203E-21
    20.000     0.980    0.000E+00    0.000E+00    0.404E-08    0.285E-07    0.285E-07    0.114E-07    0.114E-07    0.340E-11    0.340E-11    0.270E-21    0.270E-21
    20.000     0.990    0.000E+00    0.648E-07    0.133E-07    0.236E-07    0.236E-07    0.943E-08    0.943E-08    0.946E-11    0.946E-11    0.223E-21    0.223E-21

