1.080000 -5.19276272e-11 -4.28635693e-10 1.94406443e-10 -8.52952967e-10 3.53764849e-10
1.082636 -6.38324270e-11 -6.00309003e-10 2.86905029e-10 -1.20257025e-09 5.14108943e-10
1.085272 -6.93284114e-11 -7.63161934e-10 3.84444082e-10 -1.53989706e-09 6.78555529e-10
1.087908 -6.84365643e-11 -9.18206833e-10 4.87207655e-10 -1.86519696e-09 8.47779435e-10
1.090544 -6.11171530e-11 -1.06339950e-09 5.93274445e-10 -2.17628920e-09 1.01912549e-09
1.093181 -4.73340408e-11 -1.19550360e-09 7.00517667e-10 -2.46744533e-09 1.19095250e-09
1.095817 -2.74084818e-11 -1.31772320e-09 8.14202659e-10 -2.74703384e-09 1.36476559e-09
1.098453 -1.35640554e-12 -1.42843254e-09 9.31580596e-10 -3.01488590e-09 1.54331481e-09
1.101089 3.09329907e-11 -1.53616079e-09 1.06151877e-09 -3.28460440e-09 1.73408171e-09
1.103725 6.99488850e-11 -1.64304742e-09 1.19945439e-09 -3.56102775e-09 1.93738350e-09
1.106361 1.15685537e-10 -1.73988582e-09 1.34325789e-09 -3.82490930e-09 2.14409682e-09
1.108997 1.68129621e-10 -1.83102455e-09 1.48759680e-09 -4.07631994e-09 2.35842305e-09
1.111633 2.28923528e-10 -1.92987202e-09 1.65040248e-09 -4.34674570e-09 2.59556169e-09
1.114269 2.98286656e-10 -2.02730594e-09 1.82654547e-09 -4.62249691e-09 2.84906346e-09
1.116905 3.75395195e-10 -2.11452907e-09 2.00992680e-09 -4.88397275e-09 3.10801568e-09
1.119542 4.60238082e-10 -2.19158044e-09 2.19647026e-09 -5.13124536e-09 3.37204662e-09
1.122178 5.58584271e-10 -2.28210683e-09 2.42055175e-09 -5.42046143e-09 3.67941019e-09
1.124814 6.67280249e-10 -2.36443739e-09 2.65899909e-09 -5.70478464e-09 4.00102140e-09
1.127450 7.85234630e-10 -2.42263494e-09 2.89931897e-09 -5.97223674e-09 4.32867610e-09
1.130086 9.12866156e-10 -2.47124132e-09 3.15108699e-09 -6.22580779e-09 4.66472396e-09
1.132722 1.06354017e-09 -2.54589369e-09 3.44520518e-09 -6.54703911e-09 5.07500576e-09
1.135358 1.22562524e-09 -2.61099870e-09 3.75338129e-09 -6.84761988e-09 5.48975157e-09
1.137994 1.39911447e-09 -2.66144568e-09 4.06898477e-09 -7.12763558e-09 5.91311447e-09
1.140630 1.58973928e-09 -2.70833982e-09 4.40643840e-09 -7.41392176e-09 6.36382269e-09
1.143266 1.81186066e-09 -2.77556158e-09 4.81404885e-09 -7.77115136e-09 6.89025960e-09
1.145903 2.04835660e-09 -2.82525412e-09 5.22832725e-09 -8.11351118e-09 7.42527813e-09
1.148539 2.29922466e-09 -2.85745005e-09 5.65255336e-09 -8.43265983e-09 7.96924062e-09
1.151175 2.58219171e-09 -2.87155799e-09 6.13491903e-09 -8.77451838e-09 8.58430480e-09
1.153811 2.90444200e-09 -2.88891123e-09 6.67159880e-09 -9.15173866e-09 9.28341311e-09
1.156447 3.24502303e-09 -2.86590542e-09 7.22309428e-09 -9.49544327e-09 9.99413673e-09
1.159083 3.60393914e-09 -2.82275165e-09 7.80123465e-09 -9.80323859e-09 1.07117612e-08
1.161719 4.00938595e-09 -2.78324697e-09 8.43977382e-09 -1.01530518e-08 1.15347373e-08
1.164355 4.45117790e-09 -2.69855964e-09 9.13761366e-09 -1.05406657e-08 1.24221893e-08
1.166991 4.94133024e-09 -2.60073148e-09 9.90762648e-09 -1.09065254e-08 1.33834271e-08
1.169628 5.46434425e-09 -2.50417474e-09 1.07052811e-08 -1.12744472e-08 1.43777401e-08
1.172264 6.04486640e-09 -2.39343826e-09 1.15970029e-08 -1.16763769e-08 1.54864770e-08
1.174900 6.65800082e-09 -2.25000784e-09 1.25059006e-08 -1.20449942e-08 1.66279902e-08
1.177536 7.33623178e-09 -2.09160448e-09 1.34964756e-08 -1.24334875e-08 1.78804535e-08
1.180172 8.04816369e-09 -1.88615645e-09 1.45025011e-08 -1.27770732e-08 1.91627610e-08
1.182808 8.82295474e-09 -1.63289729e-09 1.56352311e-08 -1.31166398e-08 2.05311165e-08
1.185444 9.52324234e-09 -1.44516728e-09 1.66996817e-08 -1.35457856e-08 2.18321249e-08
1.188080 9.73845937e-09 -1.71305886e-09 1.73554774e-08 -1.46383746e-08 2.28083334e-08
1.190716 1.01782669e-08 -1.66507187e-09 1.81009462e-08 -1.54241222e-08 2.39338739e-08
1.193352 1.11284217e-08 -1.22701422e-09 1.93860491e-08 -1.55678504e-08 2.54708511e-08
1.195989 1.21011625e-08 -7.04037878e-10 2.07166136e-08 -1.56484084e-08 2.70196991e-08
1.198625 1.30881184e-08 -1.77596920e-10 2.20311486e-08 -1.56687327e-08 2.85597514e-08
1.201261 1.40747718e-08 3.78498951e-10 2.33398403e-08 -1.56062686e-08 3.00549077e-08
1.203897 1.50559254e-08 9.54125483e-10 2.45733131e-08 -1.54719313e-08 3.15673190e-08
1.206533 1.60113902e-08 1.57689189e-09 2.57282206e-08 -1.52381976e-08 3.29870392e-08
1.209169 1.69526657e-08 2.20723162e-09 2.68532905e-08 -1.48881658e-08 3.42854773e-08
1.211805 1.78505481e-08 2.87164916e-09 2.78960349e-08 -1.44075863e-08 3.54465707e-08
1.214441 1.87391822e-08 3.62869522e-09 2.88995392e-08 -1.37417788e-08 3.64891372e-08
1.217077 1.95249756e-08 4.35304054e-09 2.97698447e-08 -1.31983644e-08 3.73686716e-08
1.219713 2.02848894e-08 5.07879210e-09 3.05279172e-08 -1.24464062e-08 3.81295781e-08
1.222350 2.08746207e-08 5.77295621e-09 3.10451803e-08 -1.17262087e-08 3.86510561e-08
1.224986 2.14478919e-08 6.42452169e-09 3.15863828e-08 -1.10085166e-08 3.91505128e-08
1.227622 2.19715387e-08 7.06794090e-09 3.19967532e-08 -1.01035220e-08 3.95608912e-08
1.230258 2.24693479e-08 7.71878152e-09 3.24036993e-08 -9.17452830e-09 3.99230977e-08
1.232894 2.28569890e-08 8.28196499e-09 3.26535181e-08 -8.24348688e-09 4.01019381e-08
1.235530 2.32358562e-08 8.90295707e-09 3.28556326e-08 -7.29508700e-09 4.02653302e-08
1.238166 2.35975428e-08 9.53743819e-09 3.30431434e-08 -6.24399539e-09 4.03806503e-08
1.240802 2.39395633e-08 1.01555919e-08 3.32413792e-08 -5.19444020e-09 4.04151432e-08
1.243438 2.42497777e-08 1.08475183e-08 3.33767157e-08 -4.17166838e-09 4.03807823e-08
1.246074 2.45457675e-08 1.14941865e-08 3.34890942e-08 -3.21121631e-09 4.03250351e-08
1.248711 2.48275977e-08 1.21022562e-08 3.35421245e-08 -2.27401052e-09 4.03108661e-08
1.251347 2.51651823e-08 1.27419918e-08 3.36978638e-08 -1.28264850e-09 4.03708880e-08
1.253983 2.55537983e-08 1.34180139e-08 3.38718279e-08 -2.42574371e-10 4.04240968e-08
1.256619 2.59260851e-08 1.40824817e-08 3.40065627e-08 7.71710057e-10 4.04618588e-08
1.259255 2.62821527e-08 1.46951144e-08 3.41940613e-08 1.81626508e-09 4.04851683e-08
1.261891 2.68115957e-08 1.53877942e-08 3.45318362e-08 2.77439448e-09 4.07427367e-08
1.264527 2.73983675e-08 1.62072476e-08 3.49442937e-08 3.74764971e-09 4.10114792e-08
1.267163 2.79677855e-08 1.70194717e-08 3.54142608e-08 4.70753122e-09 4.13021029e-08
1.269799 2.85200325e-08 1.76714432e-08 3.58180634e-08 5.73709040e-09 4.16248256e-08
1.272436 2.93714281e-08 1.87577248e-08 3.65423951e-08 7.06008735e-09 4.22650077e-08
1.275072 3.02305359e-08 1.98972507e-08 3.73101428e-08 8.30849642e-09 4.28497029e-08
1.277708 3.10715365e-08 2.08137860e-08 3.80589231e-08 9.37293054e-09 4.35164937e-08
1.280344 3.19591499e-08 2.18414213e-08 3.89325664e-08 1.05629364e-08 4.43199471e-08
1.282980 3.32563732e-08 2.30489582e-08 4.01959139e-08 1.21769997e-08 4.56754419e-08
1.285616 3.45320161e-08 2.45342885e-08 4.14925740e-08 1.35939836e-08 4.67975820e-08
1.288252 3.57864969e-08 2.57393797e-08 4.27101555e-08 1.49876952e-08 4.80023940e-08
1.290888 3.72163479e-08 2.72141491e-08 4.40065430e-08 1.63159485e-08 4.94643187e-08
1.293524 3.90075799e-08 2.90070882e-08 4.57675123e-08 1.82049192e-08 5.15123935e-08
1.296160 4.07727428e-08 3.05477264e-08 4.76565814e-08 1.97176462e-08 5.34824166e-08
1.298797 4.25124159e-08 3.21246667e-08 4.95596569e-08 2.14701305e-08 5.56382534e-08
1.301433 4.45847037e-08 3.40911602e-08 5.18555934e-08 2.35349435e-08 5.82749546e-08
1.304069 4.69267475e-08 3.61522770e-08 5.42626817e-08 2.56336364e-08 6.11460749e-08
1.306705 4.92371153e-08 3.82436549e-08 5.68005071e-08 2.77245518e-08 6.41859247e-08
1.309341 5.15165622e-08 4.05905762e-08 5.92908366e-08 2.97204102e-08 6.69607881e-08
1.311977 5.43607104e-08 4.32158381e-08 6.25670313e-08 3.19663579e-08 7.07546061e-08
1.314613 5.73639198e-08 4.57128985e-08 6.59920116e-08 3.47160138e-08 7.45950318e-08
1.317249 6.03274622e-08 4.82890064e-08 6.94851362e-08 3.68359229e-08 7.84857195e-08
1.319885 6.32523036e-08 5.07368832e-08 7.28213135e-08 3.91149746e-08 8.24395457e-08
1.322521 6.70020993e-08 5.38263653e-08 7.71152200e-08 4.18319924e-08 8.73953736e-08
1.325158 7.07406697e-08 5.70056509e-08 8.13818460e-08 4.46770306e-08 9.24197812e-08
1.327794 7.44297167e-08 5.98607772e-08 8.56526716e-08 4.72735067e-08 9.73580199e-08
1.330430 7.82358031e-08 6.31916504e-08 9.02062795e-08 5.02282102e-08 1.02441237e-07
1.333066 8.28335933e-08 6.66976933e-08 9.56732276e-08 5.33005179e-08 1.08901070e-07
1.335702 8.73684216e-08 7.03604544e-08 1.01083586e-07 5.63298653e-08 1.15371388e-07
1.338338 9.18417677e-08 7.40782867e-08 1.06525770e-07 5.96070346e-08 1.21710573e-07
1.340974 9.66252691e-08 7.80728895e-08 1.12043456e-07 6.25514298e-08 1.28709617e-07
1.343610 1.01968994e-07 8.24331810e-08 1.18244286e-07 6.60494477e-08 1.36588414e-07
1.346246 1.07237291e-07 8.67004201e-08 1.24638337e-07 6.95526198e-08 1.44252089e-07
1.348883 1.12431876e-07 9.11107505e-08 1.30726206e-07 7.30089340e-08 1.51797644e-07
1.351519 1.18079372e-07 9.56382943e-08 1.37446293e-07 7.64396912e-08 1.60023089e-07
1.354155 1.24028039e-07 1.00288633e-07 1.44632406e-07 7.99850056e-08 1.68384940e-07
1.356791 1.29889529e-07 1.04847011e-07 1.51795291e-07 8.35533283e-08 1.76796096e-07
1.359427 1.35665749e-07 1.09193169e-07 1.58533183e-07 8.71082448e-08 1.85074461e-07
1.362063 1.41878570e-07 1.14257269e-07 1.66178224e-07 9.03367437e-08 1.93928739e-07
1.364699 1.48139777e-07 1.19077481e-07 1.73836380e-07 9.38521912e-08 2.02848590e-07
1.367335 1.54305180e-07 1.23952189e-07 1.81409029e-07 9.81344388e-08 2.12091388e-07
1.369971 1.60376783e-07 1.28712936e-07 1.88810566e-07 1.02155570e-07 2.20803692e-07
1.372607 1.66675001e-07 1.33785250e-07 1.96478205e-07 1.05396725e-07 2.29931875e-07
1.375244 1.72875205e-07 1.38417378e-07 2.03978625e-07 1.09497980e-07 2.39135043e-07
1.377880 1.78975859e-07 1.43137499e-07 2.11127170e-07 1.12998676e-07 2.48191225e-07
1.380516 1.84954217e-07 1.47805708e-07 2.18258722e-07 1.16583515e-07 2.57087529e-07
1.383152 1.90732977e-07 1.52265067e-07 2.25351524e-07 1.19978945e-07 2.65709430e-07
1.385788 1.96414188e-07 1.56715062e-07 2.32275949e-07 1.23188702e-07 2.74126108e-07
1.388424 2.01999720e-07 1.61041015e-07 2.38931288e-07 1.26353005e-07 2.82269171e-07
1.391060 2.07300462e-07 1.65174555e-07 2.45363400e-07 1.29359503e-07 2.89972086e-07
1.393696 2.12228125e-07 1.69083064e-07 2.51360344e-07 1.32200873e-07 2.97164502e-07
1.396332 2.17069395e-07 1.72846881e-07 2.57341241e-07 1.34859470e-07 3.04165363e-07
1.398968 2.21825880e-07 1.76680876e-07 2.62987940e-07 1.37545706e-07 3.11036343e-07
1.401605 2.26121118e-07 1.79842259e-07 2.68320638e-07 1.40105194e-07 3.17179092e-07
1.404241 2.30099603e-07 1.82776597e-07 2.73088416e-07 1.42628789e-07 3.22714393e-07
1.406877 2.34007636e-07 1.85670751e-07 2.77788038e-07 1.45021399e-07 3.28134264e-07
1.409513 2.37846520e-07 1.88590974e-07 2.82455893e-07 1.47259280e-07 3.33440893e-07
1.412149 2.41194233e-07 1.91295087e-07 2.86351945e-07 1.49265182e-07 3.38029550e-07
1.414785 2.44390211e-07 1.93914629e-07 2.90325889e-07 1.51131990e-07 3.42438810e-07
1.417421 2.47532573e-07 1.96432661e-07 2.94210756e-07 1.53085434e-07 3.46760000e-07
1.420057 2.50617548e-07 1.98838129e-07 2.97972635e-07 1.54944261e-07 3.50985620e-07
1.422693 2.53439875e-07 2.01085084e-07 3.01218529e-07 1.56740794e-07 3.54758254e-07
1.425330 2.56221971e-07 2.03448135e-07 3.04524780e-07 1.58532575e-07 3.58487539e-07
1.427966 2.58964720e-07 2.05803360e-07 3.07846587e-07 1.60305530e-07 3.62151167e-07
1.430602 2.61711466e-07 2.08093843e-07 3.11105826e-07 1.62183971e-07 3.65779031e-07
1.433238 2.64568363e-07 2.10519286e-07 3.14390311e-07 1.64237427e-07 3.69444633e-07
1.435874 2.67395251e-07 2.12978866e-07 3.17631325e-07 1.66285160e-07 3.73055255e-07
1.438510 2.70192960e-07 2.15422910e-07 3.20750455e-07 1.68323763e-07 3.76612125e-07
1.441146 2.73256868e-07 2.18084363e-07 3.24168590e-07 1.70565249e-07 3.80472393e-07
1.443782 2.76677640e-07 2.21011636e-07 3.27971446e-07 1.73077287e-07 3.84742631e-07
1.446418 2.80073826e-07 2.23971719e-07 3.31737136e-07 1.75586954e-07 3.89000046e-07
1.449054 2.83446329e-07 2.26828470e-07 3.35463018e-07 1.78094833e-07 3.93139394e-07
1.451691 2.87639206e-07 2.30409353e-07 3.40114370e-07 1.81169259e-07 3.98363668e-07
1.454327 2.92278838e-07 2.34451781e-07 3.45292745e-07 1.84563564e-07 4.04142166e-07
1.456963 2.96894090e-07 2.38463214e-07 3.50457782e-07 1.87961566e-07 4.09861590e-07
1.459599 3.01486093e-07 2.42468042e-07 3.55585940e-07 1.91364012e-07 4.15523550e-07
1.462235 3.07888450e-07 2.47990407e-07 3.62853243e-07 1.95990694e-07 4.23620624e-07
1.464871 3.14589717e-07 2.53895860e-07 3.70373995e-07 2.00850776e-07 4.32130981e-07
1.467507 3.21261778e-07 2.59853310e-07 3.77668984e-07 2.05721383e-07 4.40569967e-07
1.470143 3.28062815e-07 2.65884600e-07 3.85082240e-07 2.10714056e-07 4.49137076e-07
1.472779 3.37562664e-07 2.74172161e-07 3.95684806e-07 2.17805486e-07 4.60914543e-07
1.475415 3.47036909e-07 2.82435155e-07 4.06505687e-07 2.24955964e-07 4.72580730e-07
1.478052 3.56487588e-07 2.90735458e-07 4.17288138e-07 2.32145499e-07 4.84187205e-07
1.480688 3.73889980e-07 3.04952978e-07 4.37640537e-07 2.43457975e-07 5.08313244e-07
1.483324 4.13551972e-07 3.35367733e-07 4.86147864e-07 2.66550632e-07 5.66690434e-07
1.485960 4.52708048e-07 3.65161520e-07 5.33728264e-07 2.89995398e-07 6.24203453e-07
1.488596 4.91368258e-07 3.94394035e-07 5.80222534e-07 3.13056369e-07 6.80115983e-07
1.491232 5.25737828e-07 4.20233634e-07 6.21933950e-07 3.32040565e-07 7.30762288e-07
1.493868 5.55279197e-07 4.42390615e-07 6.58533260e-07 3.46844907e-07 7.75831316e-07
1.496504 5.84330404e-07 4.63623569e-07 6.94964704e-07 3.61392579e-07 8.20008806e-07
1.499140 6.12899513e-07 4.84465271e-07 7.30720377e-07 3.75740782e-07 8.63365894e-07
1.501777 6.33928494e-07 4.99862659e-07 7.56694642e-07 3.86241464e-07 8.94985501e-07
1.504413 6.51213348e-07 5.12602907e-07 7.78200881e-07 3.94902168e-07 9.20634482e-07
1.507049 6.68205843e-07 5.24734001e-07 7.99430904e-07 4.03728441e-07 9.45800035e-07
1.509685 6.84910836e-07 5.36850615e-07 8.20077882e-07 4.12405683e-07 9.70803011e-07
1.512321 6.94853737e-07 5.44185459e-07 8.32880793e-07 4.17139836e-07 9.86156221e-07
1.514957 7.03712323e-07 5.50504249e-07 8.44552139e-07 4.21229218e-07 9.99937270e-07
1.517593 7.12374184e-07 5.56858277e-07 8.56025788e-07 4.25077245e-07 1.01342502e-06
1.520229 7.20286827e-07 5.62784018e-07 8.66199613e-07 4.28471370e-07 1.02582217e-06
1.522865 7.22214730e-07 5.63779011e-07 8.69070950e-07 4.28424613e-07 1.02958183e-06
1.525501 7.24022718e-07 5.64525867e-07 8.71935148e-07 4.28336896e-07 1.03323448e-06
1.528138 7.25712070e-07 5.65144281e-07 8.74339637e-07 4.28225185e-07 1.03685880e-06
1.530774 7.26141275e-07 5.64690578e-07 8.75975605e-07 4.27576251e-07 1.03861627e-06
1.533410 7.23735493e-07 5.62102369e-07 8.73848033e-07 4.25376420e-07 1.03617295e-06
1.536046 7.21263938e-07 5.59769722e-07 8.71442080e-07 4.22875911e-07 1.03364681e-06
1.538682 7.18726876e-07 5.57848631e-07 8.68672459e-07 4.20305597e-07 1.03103839e-06
1.541318 7.15268111e-07 5.54637266e-07 8.64833709e-07 4.17303307e-07 1.02696196e-06
1.543954 7.10912565e-07 5.51037773e-07 8.60166666e-07 4.13913878e-07 1.02117076e-06
1.546590 7.06524777e-07 5.47196713e-07 8.55712756e-07 4.10585148e-07 1.01488636e-06
1.549226 7.02104526e-07 5.43262572e-07 8.50941817e-07 4.07319375e-07 1.00944899e-06
1.551862 6.97346450e-07 5.39086417e-07 8.45446239e-07 4.04613531e-07 1.00348563e-06
1.554499 6.92448172e-07 5.35169111e-07 8.39403373e-07 4.01262464e-07 9.97183504e-07
1.557135 6.87539402e-07 5.31342368e-07 8.34091002e-07 3.97410747e-07 9.90550061e-07
1.559771 6.82619732e-07 5.27709607e-07 8.28427100e-07 3.94241863e-07 9.83900408e-07
1.562407 6.77883753e-07 5.24069968e-07 8.22827265e-07 3.91745140e-07 9.77189516e-07
1.565043 6.73171612e-07 5.20163490e-07 8.17368270e-07 3.89274484e-07 9.70494292e-07
1.567679 6.68465063e-07 5.16412320e-07 8.11943105e-07 3.86786463e-07 9.63821009e-07
1.570315 6.63823681e-07 5.12667539e-07 8.06237767e-07 3.83621048e-07 9.57206837e-07
1.572951 6.59638074e-07 5.09515782e-07 8.00529543e-07 3.81173487e-07 9.50902051e-07
1.575587 6.55472989e-07 5.06375077e-07 7.95481539e-07 3.78724256e-07 9.44635739e-07
1.578223 6.51328004e-07 5.03062577e-07 7.90499247e-07 3.76273075e-07 9.38407256e-07
1.580860 6.47441454e-07 4.99865924e-07 7.85776015e-07 3.74156892e-07 9.32416363e-07
1.583496 6.44077846e-07 4.97277452e-07 7.81569162e-07 3.72799236e-07 9.26887073e-07
1.586132 6.40748591e-07 4.94742348e-07 7.77403424e-07 3.71515355e-07 9.21410160e-07
1.588768 6.37453336e-07 4.92551725e-07 7.73278367e-07 3.70249600e-07 9.15985037e-07
1.591404 6.34746480e-07 4.90927864e-07 7.69765867e-07 3.69576658e-07 9.11161238e-07
1.594040 6.32570144e-07 4.89743294e-07 7.66803027e-07 3.69436575e-07 9.06577526e-07
1.596676 6.30440435e-07 4.88673844e-07 7.63476831e-07 3.69328071e-07 9.02038264e-07
1.599312 6.28357132e-07 4.87564298e-07 7.60244421e-07 3.69249993e-07 8.97751616e-07
1.601948 6.27384814e-07 4.87564756e-07 7.58329137e-07 3.70130035e-07 8.94585109e-07
1.604585 6.26842207e-07 4.88106206e-07 7.56963090e-07 3.71382978e-07 8.91744842e-07
1.607221 6.26354666e-07 4.88994952e-07 7.55598231e-07 3.72679324e-07 8.88953929e-07
1.609857 6.25922191e-07 4.89557307e-07 7.54231601e-07 3.74060624e-07 8.86243122e-07
1.612493 6.28572162e-07 4.92508893e-07 7.56581784e-07 3.77385510e-07 8.87941822e-07
1.615129 6.31427406e-07 4.95826190e-07 7.59166094e-07 3.81143735e-07 8.90134931e-07
1.617765 6.34313917e-07 4.99276502e-07 7.61472263e-07 3.85043045e-07 8.92595650e-07
1.620401 6.37590042e-07 5.02769270e-07 7.64185515e-07 3.89227669e-07 8.95609944e-07
1.623037 6.42885771e-07 5.07966964e-07 7.69495467e-07 3.94806953e-07 9.01122551e-07
1.625673 6.48204991e-07 5.13200012e-07 7.74898540e-07 4.00436773e-07 9.06630014e-07
1.628309 6.53548791e-07 5.18664663e-07 7.80026290e-07 4.06117870e-07 9.12117355e-07
1.630946 6.59445550e-07 5.24718221e-07 7.86013063e-07 4.12087899e-07 9.18339105e-07
1.633582 6.66303146e-07 5.31550245e-07 7.93354779e-07 4.18294795e-07 9.25780305e-07
1.636218 6.73176067e-07 5.38353231e-07 8.00302508e-07 4.24548047e-07 9.33136676e-07
1.638854 6.80065685e-07 5.45310788e-07 8.07139640e-07 4.30848665e-07 9.40478071e-07
1.641490 6.87277335e-07 5.52504236e-07 8.14962067e-07 4.37262743e-07 9.48364193e-07
1.644126 6.94730372e-07 5.59571729e-07 8.23159470e-07 4.43804033e-07 9.56650536e-07
1.646762 7.02189168e-07 5.66649189e-07 8.31229400e-07 4.50403226e-07 9.64904937e-07
1.649398 7.09655230e-07 5.73752997e-07 8.39332858e-07 4.57046710e-07 9.73129320e-07
1.652034 7.16778838e-07 5.80333717e-07 8.47129395e-07 4.63193426e-07 9.81169635e-07
1.654670 7.23794223e-07 5.86750844e-07 8.54674599e-07 4.69481371e-07 9.89120198e-07
1.657307 7.30804877e-07 5.93275676e-07 8.62219562e-07 4.76043137e-07 9.97026828e-07
1.659943 7.37812285e-07 6.00134608e-07 8.69705772e-07 4.82654169e-07 1.00486016e-06
1.662579 7.43573440e-07 6.05559910e-07 8.75787920e-07 4.87801148e-07 1.01143092e-06
1.665215 7.49291152e-07 6.10692185e-07 8.82150938e-07 4.92941102e-07 1.01792128e-06
1.667851 7.54994240e-07 6.15764209e-07 8.88157876e-07 4.98108421e-07 1.02435956e-06
1.670487 7.60345064e-07 6.20499947e-07 8.93871243e-07 5.02998771e-07 1.03070766e-06
1.673123 7.64183705e-07 6.23903090e-07 8.97767471e-07 5.06445758e-07 1.03472372e-06
1.675759 7.68003436e-07 6.27231709e-07 9.01712319e-07 5.09901978e-07 1.03901115e-06
1.678395 7.71805303e-07 6.30552927e-07 9.05474336e-07 5.13368180e-07 1.04325142e-06
1.681032 7.74934041e-07 6.32891118e-07 9.08662484e-07 5.14845956e-07 1.04760071e-06
1.683668 7.76946785e-07 6.33756986e-07 9.11446986e-07 5.13135109e-07 1.05204692e-06
1.686304 7.78831058e-07 6.33906882e-07 9.15210422e-07 5.11834752e-07 1.05627420e-06
1.688940 7.80588196e-07 6.33622825e-07 9.17971312e-07 5.10907853e-07 1.06029819e-06
1.691576 7.86332361e-07 6.37256436e-07 9.25071971e-07 5.13649164e-07 1.06887762e-06
1.694212 7.94739314e-07 6.43292899e-07 9.35228372e-07 5.18857021e-07 1.08071659e-06
1.696848 8.03049523e-07 6.49498191e-07 9.44851896e-07 5.23023987e-07 1.09293504e-06
1.699484 8.11265235e-07 6.55396363e-07 9.54341800e-07 5.27766235e-07 1.10499536e-06
1.702120 8.17815327e-07 6.60705160e-07 9.61698025e-07 5.30622607e-07 1.11398869e-06
1.704756 8.23929991e-07 6.66392591e-07 9.68689956e-07 5.33444110e-07 1.12215496e-06
1.707393 8.29997674e-07 6.71177993e-07 9.75207509e-07 5.36823864e-07 1.13020112e-06
1.710029 8.36002833e-07 6.76023328e-07 9.81892823e-07 5.40835508e-07 1.13723534e-06
1.712665 8.40402816e-07 6.79920088e-07 9.86883316e-07 5.43823881e-07 1.14205234e-06
1.715301 8.44765953e-07 6.83787068e-07 9.91493988e-07 5.46822092e-07 1.14677968e-06
1.717937 8.49093577e-07 6.87733238e-07 9.96361745e-07 5.49813781e-07 1.15243859e-06
1.720573 8.53041332e-07 6.90712748e-07 1.00067981e-06 5.52558596e-07 1.15757438e-06
1.723209 8.55715655e-07 6.93011665e-07 1.00355410e-06 5.54443263e-07 1.16101003e-06
1.725845 8.58364581e-07 6.95391477e-07 1.00652437e-06 5.57180101e-07 1.16439728e-06
1.728481 8.60989121e-07 6.97595522e-07 1.00958345e-06 5.59357778e-07 1.16773742e-06
1.731117 8.63026378e-07 6.99465506e-07 1.01207348e-06 5.60938171e-07 1.17024825e-06
1.733754 8.64280294e-07 7.00489234e-07 1.01358970e-06 5.62316050e-07 1.17126508e-06
1.736390 8.65520152e-07 7.01444669e-07 1.01489865e-06 5.63231440e-07 1.17220272e-06
1.739026 8.66746687e-07 7.03232299e-07 1.01621248e-06 5.63906188e-07 1.17310897e-06
1.741662 8.67321132e-07 7.04288746e-07 1.01687105e-06 5.64217312e-07 1.17302928e-06
1.744298 8.67515683e-07 7.04572346e-07 1.01705367e-06 5.64317770e-07 1.17229844e-06
1.746934 8.67707304e-07 7.05039679e-07 1.01687854e-06 5.64420558e-07 1.17155734e-06
1.749570 8.67896501e-07 7.04701341e-07 1.01703006e-06 5.64526075e-07 1.17080669e-06
1.752206 8.67462452e-07 7.03943849e-07 1.01592933e-06 5.64339119e-07 1.16911291e-06
1.754842 8.66913701e-07 7.04011690e-07 1.01542970e-06 5.64409162e-07 1.16721518e-06
1.757479 8.66372312e-07 7.04155247e-07 1.01414024e-06 5.64486097e-07 1.16543578e-06
1.760115 8.65815804e-07 7.03867947e-07 1.01223622e-06 5.64564835e-07 1.16346054e-06
1.762751 8.64769592e-07 7.02707266e-07 1.01049771e-06 5.64563958e-07 1.16078269e-06
1.765387 8.63739546e-07 7.02248225e-07 1.00889322e-06 5.64569249e-07 1.15809577e-06
1.768023 8.62725860e-07 7.02678842e-07 1.00749943e-06 5.64448772e-07 1.15543075e-06
1.770659 8.61642452e-07 7.03067053e-07 1.00573892e-06 5.64605092e-07 1.15263955e-06
1.773295 8.60321221e-07 7.03072458e-07 1.00272444e-06 5.64616704e-07 1.14951937e-06
1.775931 8.59023675e-07 7.02109337e-07 1.00024409e-06 5.64548384e-07 1.14644844e-06
1.778567 8.57749911e-07 7.01717803e-07 9.98451571e-07 5.64522058e-07 1.14333419e-06
1.781203 8.56419810e-07 7.00981851e-07 9.96649444e-07 5.64653584e-07 1.14013485e-06
1.783840 8.55021985e-07 7.00701682e-07 9.94725993e-07 5.64823690e-07 1.13703459e-06
1.786476 8.53653401e-07 6.99592120e-07 9.92836428e-07 5.64963195e-07 1.13405697e-06
1.789112 8.52314100e-07 6.98297410e-07 9.90980794e-07 5.65118697e-07 1.13115001e-06
1.791748 8.51021762e-07 6.97843951e-07 9.89140454e-07 5.65398412e-07 1.12824662e-06
1.794384 8.49770450e-07 6.97440795e-07 9.86695938e-07 5.64722215e-07 1.12532527e-06
1.797020 8.48551779e-07 6.97062158e-07 9.84067715e-07 5.64035835e-07 1.12242905e-06
1.799656 8.47365780e-07 6.96738715e-07 9.81807302e-07 5.64187173e-07 1.11957186e-06
1.802292 8.46413130e-07 6.96738132e-07 9.79582657e-07 5.64663136e-07 1.11713425e-06
1.804928 8.45524530e-07 6.96442400e-07 9.77171994e-07 5.65193953e-07 1.11463727e-06
1.807564 8.44670037e-07 6.96389698e-07 9.75604972e-07 5.65748740e-07 1.11210918e-06
1.810201 8.43882060e-07 6.96695584e-07 9.74437927e-07 5.66488932e-07 1.11008196e-06
1.812837 8.43520688e-07 6.97311083e-07 9.73847460e-07 5.67698010e-07 1.10868657e-06
1.815473 8.43193073e-07 6.98133059e-07 9.72985914e-07 5.68938550e-07 1.10727659e-06
1.818109 8.42899371e-07 6.98750539e-07 9.71769795e-07 5.70210736e-07 1.10597960e-06
1.820745 8.42796339e-07 6.99517305e-07 9.71234599e-07 5.71270600e-07 1.10492442e-06
1.823381 8.43123829e-07 7.00637232e-07 9.70797556e-07 5.72010170e-07 1.10439466e-06
1.826017 8.43483879e-07 7.01766631e-07 9.70553194e-07 5.73327951e-07 1.10277532e-06
1.828653 8.43876763e-07 7.02947635e-07 9.70460315e-07 5.75111100e-07 1.10071375e-06
1.831289 8.44606833e-07 7.04323946e-07 9.70267530e-07 5.77124029e-07 1.09958149e-06
1.833926 8.45685765e-07 7.05717178e-07 9.70587720e-07 5.79423296e-07 1.09957260e-06
1.836562 8.46795634e-07 7.07194755e-07 9.70802088e-07 5.81758081e-07 1.09959111e-06
1.839198 8.47936851e-07 7.09229116e-07 9.71061838e-07 5.84128756e-07 1.09963747e-06
1.841834 8.49526331e-07 7.11320503e-07 9.72109761e-07 5.87103930e-07 1.10029514e-06
1.844470 8.51327386e-07 7.13207074e-07 9.73389680e-07 5.89505587e-07 1.10123048e-06
1.847106 8.53157826e-07 7.15316370e-07 9.74434591e-07 5.92244608e-07 1.10197792e-06
1.849742 8.55018204e-07 7.17998904e-07 9.75970764e-07 5.95021859e-07 1.10296577e-06
1.852378 8.57370283e-07 7.20387183e-07 9.77923961e-07 5.98093227e-07 1.10494133e-06
1.855014 8.59800292e-07 7.23499007e-07 9.80116071e-07 6.01161793e-07 1.10721905e-06
1.857650 8.62258732e-07 7.26147086e-07 9.82171748e-07 6.03880802e-07 1.10872799e-06
1.860287 8.64787128e-07 7.29212054e-07 9.84572171e-07 6.06687968e-07 1.11048702e-06
1.862923 8.67678610e-07 7.31998837e-07 9.87422875e-07 6.09697189e-07 1.11335502e-06
1.865559 8.70597644e-07 7.34832191e-07 9.90376035e-07 6.12757345e-07 1.11603867e-06
1.868195 8.73545007e-07 7.37452136e-07 9.93383841e-07 6.15850273e-07 1.11781992e-06
1.870831 8.76585917e-07 7.40605692e-07 9.96502583e-07 6.19633627e-07 1.12034480e-06
1.873467 8.79795062e-07 7.44339667e-07 9.99410579e-07 6.23973214e-07 1.12309049e-06
1.876103 8.83032411e-07 7.47750418e-07 1.00239733e-06 6.27218958e-07 1.12584973e-06
1.878739 8.86298801e-07 7.51372376e-07 1.00572829e-06 6.29666214e-07 1.12862348e-06
1.881375 8.89620639e-07 7.55021991e-07 1.00832914e-06 6.33255771e-07 1.13155575e-06
1.884011 8.92995267e-07 7.58728866e-07 1.01174579e-06 6.37212434e-07 1.13531451e-06
1.886648 8.96399685e-07 7.62402500e-07 1.01552943e-06 6.41288478e-07 1.13812583e-06
1.889284 8.99834763e-07 7.65801001e-07 1.01932833e-06 6.45191434e-07 1.14080545e-06
1.891920 9.03248029e-07 7.68683798e-07 1.02309981e-06 6.48670888e-07 1.14436346e-06
1.894556 9.06672868e-07 7.72491781e-07 1.02696041e-06 6.52449505e-07 1.14880906e-06
1.897192 9.10129907e-07 7.75933551e-07 1.03011413e-06 6.56753952e-07 1.15225010e-06
1.899828 9.13620014e-07 7.78955540e-07 1.03362941e-06 6.61105920e-07 1.15632411e-06
1.902464 9.16993494e-07 7.82706601e-07 1.03750653e-06 6.65389151e-07 1.16014693e-06
1.905100 9.20390906e-07 7.85869307e-07 1.04071477e-06 6.69711947e-07 1.16398395e-06
1.907736 9.23823587e-07 7.88982060e-07 1.04377814e-06 6.73857597e-07 1.16727317e-06
1.910372 9.27265203e-07 7.92008398e-07 1.04663713e-06 6.76482782e-07 1.17102274e-06
1.913009 9.30578809e-07 7.95089770e-07 1.04949996e-06 6.79042083e-07 1.17471630e-06
1.915645 9.33930506e-07 7.98430190e-07 1.05293468e-06 6.81634998e-07 1.17843823e-06
1.918281 9.37321097e-07 8.01885313e-07 1.05569354e-06 6.84029146e-07 1.18175511e-06
1.920917 9.40688279e-07 8.05167774e-07 1.05838589e-06 6.86896687e-07 1.18589048e-06
1.923553 9.43978160e-07 8.08704509e-07 1.06078659e-06 6.90866398e-07 1.18951887e-06
1.926189 9.47310099e-07 8.12197045e-07 1.06309063e-06 6.94545942e-07 1.19309046e-06
1.928825 9.50684857e-07 8.15540225e-07 1.06656624e-06 6.97556839e-07 1.19680630e-06
1.931461 9.54030242e-07 8.19782186e-07 1.06988874e-06 7.01125017e-07 1.20040991e-06
1.934097 9.57362317e-07 8.23752993e-07 1.07339104e-06 7.03449318e-07 1.20461252e-06
1.936734 9.60740747e-07 8.27635933e-07 1.07616143e-06 7.05484583e-07 1.20828885e-06
1.939370 9.64166257e-07 8.30848409e-07 1.07921409e-06 7.08123353e-07 1.21185723e-06
1.942006 9.67594676e-07 8.34092051e-07 1.08257559e-06 7.12382853e-07 1.21535449e-06
1.944642 9.71058848e-07 8.37519081e-07 1.08619145e-06 7.16791239e-07 1.21886055e-06
1.947278 9.74573763e-07 8.41885400e-07 1.08942253e-06 7.21278489e-07 1.22240121e-06
1.949914 9.78140118e-07 8.45474793e-07 1.09260786e-06 7.25656389e-07 1.22440047e-06
1.952550 9.81787333e-07 8.48981821e-07 1.09556666e-06 7.30450988e-07 1.22749473e-06
1.955186 9.85490033e-07 8.52553465e-07 1.09937778e-06 7.35180764e-07 1.23138787e-06
1.957822 9.89247964e-07 8.56601059e-07 1.10328148e-06 7.39973470e-07 1.23471596e-06
1.960458 9.93080528e-07 8.60419354e-07 1.10717692e-06 7.44716148e-07 1.23679843e-06
1.963095 9.97059723e-07 8.64129257e-07 1.11081118e-06 7.47396095e-07 1.23905040e-06
1.965731 1.00109816e-06 8.68019353e-07 1.11466474e-06 7.52173975e-07 1.24324994e-06
1.968367 1.00519653e-06 8.72615124e-07 1.11909224e-06 7.57128953e-07 1.24750507e-06
1.971003 1.00943109e-06 8.77769260e-07 1.12305964e-06 7.62403578e-07 1.25187517e-06
1.973639 1.01385150e-06 8.82902326e-07 1.12804094e-06 7.67874351e-07 1.25639881e-06
1.976275 1.01833605e-06 8.86627406e-07 1.13249119e-06 7.74045795e-07 1.26098155e-06
1.978911 1.02288545e-06 8.90867077e-07 1.13696641e-06 7.79241922e-07 1.26524220e-06
1.981547 1.02765575e-06 8.95470620e-07 1.14147989e-06 7.84667513e-07 1.26917516e-06
1.984183 1.03260342e-06 9.00729974e-07 1.14619518e-06 7.90407836e-07 1.27328045e-06
1.986819 1.03762036e-06 9.06121915e-07 1.15041180e-06 7.96341537e-07 1.27667177e-06
1.989456 1.04270733e-06 9.10692164e-07 1.15571133e-06 8.01624225e-07 1.28113705e-06
1.992092 1.04812627e-06 9.15693622e-07 1.16134758e-06 8.07620723e-07 1.28617502e-06
1.994728 1.05368688e-06 9.21554627e-07 1.16647952e-06 8.13204264e-07 1.29129071e-06
1.997364 1.05932225e-06 9.27297351e-07 1.17168510e-06 8.18580853e-07 1.29672564e-06
2.000000 1.06503318e-06 9.32987577e-07 1.17797134e-06 8.24037077e-07 1.30222705e-06
